   2.4920200e+01   1.2070230e+02   2.2200000e+02
   2.4920100e+01   1.2070240e+02   2.2000000e+02
   2.4919900e+01   1.2070260e+02   2.2000000e+02
   2.4919800e+01   1.2070270e+02   1.9900000e+02
   2.4919700e+01   1.2070280e+02   1.9900000e+02
   2.4919500e+01   1.2070290e+02   2.0218168e+02
   2.4919400e+01   1.2070300e+02   2.0414131e+02
   2.4919300e+01   1.2070310e+02   2.0610093e+02
   2.4919200e+01   1.2070320e+02   2.0806056e+02
   2.4919100e+01   1.2070330e+02   2.1002019e+02
   2.4919000e+01   1.2070340e+02   2.1197981e+02
   2.4918900e+01   1.2070350e+02   2.1393944e+02
   2.4918800e+01   1.2070360e+02   2.1589907e+02
   2.4918700e+01   1.2070370e+02   2.1785869e+02
   2.4918600e+01   1.2070380e+02   2.1981832e+02
   2.4918400e+01   1.2070390e+02   2.2300000e+02
   2.4918300e+01   1.2070400e+02   2.2440000e+02
   2.4918100e+01   1.2070420e+02   2.2885714e+02
   2.4918000e+01   1.2070430e+02   2.3108571e+02
   2.4917900e+01   1.2070440e+02   2.3331429e+02
   2.4917700e+01   1.2070460e+02   2.3777143e+02
   2.4917600e+01   1.2070470e+02   2.4000000e+02
   2.4917500e+01   1.2070480e+02   2.4000000e+02
   2.4917300e+01   1.2070490e+02   2.3600000e+02
   2.4916900e+01   1.2070530e+02   2.3600000e+02
   2.4916800e+01   1.2070540e+02   2.3000000e+02
   2.4916600e+01   1.2070560e+02   2.3000000e+02
   2.4916500e+01   1.2070570e+02   2.2300000e+02
   2.4916400e+01   1.2070580e+02   2.2500000e+02
   2.4916300e+01   1.2070590e+02   2.2700000e+02
   2.4916100e+01   1.2070600e+02   2.2565580e+02
   2.4916000e+01   1.2070610e+02   2.2482790e+02
   2.4915900e+01   1.2070620e+02   2.2400000e+02
   2.4915800e+01   1.2070630e+02   2.1700000e+02
   2.4915700e+01   1.2070640e+02   2.1900000e+02
   2.4915600e+01   1.2070650e+02   2.2100000e+02
   2.4915500e+01   1.2070660e+02   2.2100000e+02
   2.4915400e+01   1.2070670e+02   2.2200000e+02
   2.4915200e+01   1.2070690e+02   2.2200000e+02
   2.4915000e+01   1.2070700e+02   2.2400000e+02
   2.4914900e+01   1.2070710e+02   2.2550000e+02
   2.4914800e+01   1.2070720e+02   2.2700000e+02
   2.4914700e+01   1.2070730e+02   2.2700000e+02
   2.4914500e+01   1.2070750e+02   2.2300000e+02
   2.4914400e+01   1.2070760e+02   2.2300000e+02
   2.4914300e+01   1.2070770e+02   2.2200000e+02
   2.4914100e+01   1.2070790e+02   2.2200000e+02
   2.4913900e+01   1.2070800e+02   2.1700000e+02
   2.4913800e+01   1.2070810e+02   2.1700000e+02
   2.4913700e+01   1.2070820e+02   2.1600000e+02
   2.4913600e+01   1.2070830e+02   2.1600000e+02
   2.4913500e+01   1.2070840e+02   2.1750000e+02
   2.4913400e+01   1.2070850e+02   2.1966667e+02
   2.4913300e+01   1.2070860e+02   2.2183333e+02
   2.4913200e+01   1.2070870e+02   2.2400000e+02
   2.4913100e+01   1.2070880e+02   2.2300000e+02
   2.4913000e+01   1.2070890e+02   2.2300000e+02
   2.4912800e+01   1.2070900e+02   2.2500000e+02
   2.4912700e+01   1.2070910e+02   2.2500000e+02
   2.4912600e+01   1.2070920e+02   2.2400000e+02
   2.4912500e+01   1.2070930e+02   2.2300000e+02
   2.4912400e+01   1.2070940e+02   2.2500000e+02
   2.4912300e+01   1.2070950e+02   2.2700000e+02
   2.4912100e+01   1.2070970e+02   2.3100000e+02
   2.4912000e+01   1.2070980e+02   2.3300000e+02
   2.4911900e+01   1.2070990e+02   2.3500000e+02
   2.4911800e+01   1.2071000e+02   2.3700000e+02
   2.4911600e+01   1.2071010e+02   2.4060575e+02
   2.4911500e+01   1.2071020e+02   2.4282656e+02
   2.4911400e+01   1.2071030e+02   2.4504737e+02
   2.4911300e+01   1.2071040e+02   2.4726819e+02
   2.4911200e+01   1.2071050e+02   2.4948900e+02
   2.4911100e+01   1.2071060e+02   2.5170981e+02
   2.4911000e+01   1.2071070e+02   2.5393062e+02
   2.4910700e+01   1.2071100e+02   2.6059306e+02
   2.4910500e+01   1.2071110e+02   2.6419881e+02
   2.4910300e+01   1.2071130e+02   2.6864044e+02
   2.4910200e+01   1.2071140e+02   2.7086125e+02
   2.4910100e+01   1.2071150e+02   2.7308206e+02
   2.4910000e+01   1.2071160e+02   2.7530287e+02
   2.4909700e+01   1.2071190e+02   2.8196531e+02
   2.4909600e+01   1.2071200e+02   2.8418612e+02
   2.4909400e+01   1.2071210e+02   2.8779187e+02
   2.4909300e+01   1.2071220e+02   2.9001269e+02
   2.4909200e+01   1.2071230e+02   2.9223350e+02
   2.4909100e+01   1.2071240e+02   2.9445431e+02
   2.4908800e+01   1.2071270e+02   3.0111675e+02
   2.4908700e+01   1.2071280e+02   3.0333756e+02
   2.4908600e+01   1.2071290e+02   3.0555837e+02
   2.4908400e+01   1.2071310e+02   3.1000000e+02
   2.4908200e+01   1.2071320e+02   3.1309423e+02
   2.4908100e+01   1.2071330e+02   3.1500000e+02
   2.4908000e+01   1.2071340e+02   3.1500000e+02
   2.4907800e+01   1.2071360e+02   3.1894266e+02
   2.4907700e+01   1.2071370e+02   3.2091399e+02
   2.4907500e+01   1.2071390e+02   3.2485665e+02
   2.4907400e+01   1.2071400e+02   3.2682798e+02
   2.4907300e+01   1.2071410e+02   3.2879931e+02
   2.4907100e+01   1.2071420e+02   3.3200000e+02
   2.4907000e+01   1.2071430e+02   3.3000000e+02
   2.4906600e+01   1.2071470e+02   3.3000000e+02
   2.4906500e+01   1.2071480e+02   3.2800000e+02
   2.4906400e+01   1.2071490e+02   3.2933333e+02
   2.4906300e+01   1.2071500e+02   3.3066667e+02
   2.4906200e+01   1.2071510e+02   3.3200000e+02
   2.4905800e+01   1.2071540e+02   3.3200000e+02
   2.4905700e+01   1.2071550e+02   3.1700000e+02
   2.4905500e+01   1.2071570e+02   3.2100000e+02
   2.4905400e+01   1.2071580e+02   3.2320000e+02
   2.4905300e+01   1.2071590e+02   3.2540000e+02
   2.4905200e+01   1.2071600e+02   3.2760000e+02
   2.4905000e+01   1.2071620e+02   3.3200000e+02
   2.4904800e+01   1.2071630e+02   3.3558452e+02
   2.4904700e+01   1.2071640e+02   3.3779226e+02
   2.4904600e+01   1.2071650e+02   3.4000000e+02
   2.4904500e+01   1.2071660e+02   3.2400000e+02
   2.4904400e+01   1.2071670e+02   3.2617314e+02
   2.4904300e+01   1.2071680e+02   3.2834627e+02
   2.4904200e+01   1.2071690e+02   3.3051941e+02
   2.4904100e+01   1.2071700e+02   3.3269255e+02
   2.4904000e+01   1.2071710e+02   3.3486568e+02
   2.4903900e+01   1.2071720e+02   3.3703882e+02
   2.4903700e+01   1.2071730e+02   3.4056716e+02
   2.4903600e+01   1.2071740e+02   3.4274030e+02
   2.4903500e+01   1.2071750e+02   3.4491343e+02
   2.4903300e+01   1.2071770e+02   3.4925970e+02
   2.4903200e+01   1.2071780e+02   3.5143284e+02
   2.4903100e+01   1.2071790e+02   3.5360598e+02
   2.4903000e+01   1.2071800e+02   3.5577911e+02
   2.4902900e+01   1.2071810e+02   3.5795225e+02
   2.4902800e+01   1.2071820e+02   3.6012539e+02
   2.4902600e+01   1.2071830e+02   3.6365373e+02
   2.4902500e+01   1.2071840e+02   3.6582686e+02
   2.4902400e+01   1.2071850e+02   3.6800000e+02
   2.4902200e+01   1.2071870e+02   3.7133333e+02
   2.4902100e+01   1.2071880e+02   3.7300000e+02
   2.4901900e+01   1.2071900e+02   3.6100000e+02
   2.4901800e+01   1.2071910e+02   3.5800000e+02
   2.4901600e+01   1.2071930e+02   3.5800000e+02
   2.4901400e+01   1.2071940e+02   3.5600000e+02
   2.4901200e+01   1.2071960e+02   3.5950000e+02
   2.4901100e+01   1.2071970e+02   3.6125000e+02
   2.4901000e+01   1.2071980e+02   3.6300000e+02
   2.4900900e+01   1.2071990e+02   3.5500000e+02
   2.4900700e+01   1.2072010e+02   3.5500000e+02
   2.4900600e+01   1.2072020e+02   3.4300000e+02
   2.4900500e+01   1.2072030e+02   3.4300000e+02
   2.4900300e+01   1.2072040e+02   3.4600000e+02
   2.4900200e+01   1.2072050e+02   3.4600000e+02
   2.4900100e+01   1.2072060e+02   3.2300000e+02
   2.4900000e+01   1.2072070e+02   3.2500000e+02
   2.4899900e+01   1.2072080e+02   3.2500000e+02
   2.4899800e+01   1.2072090e+02   3.1600000e+02
   2.4899700e+01   1.2072100e+02   3.1600000e+02
   2.4899600e+01   1.2072110e+02   3.1691820e+02
   2.4899400e+01   1.2072130e+02   3.1875460e+02
   2.4899200e+01   1.2072140e+02   3.2024540e+02
   2.4899100e+01   1.2072150e+02   3.2116360e+02
   2.4898900e+01   1.2072170e+02   3.2300000e+02
   2.4898800e+01   1.2072180e+02   3.2391820e+02
   2.4898500e+01   1.2072210e+02   3.2667280e+02
   2.4898400e+01   1.2072220e+02   3.2891399e+02
   2.4898300e+01   1.2072230e+02   3.3115519e+02
   2.4898100e+01   1.2072240e+02   3.3479403e+02
   2.4898000e+01   1.2072250e+02   3.3703522e+02
   2.4897900e+01   1.2072260e+02   3.3927642e+02
   2.4897800e+01   1.2072270e+02   3.4151761e+02
   2.4897600e+01   1.2072290e+02   3.4600000e+02
   2.4897200e+01   1.2072330e+02   3.4600000e+02
   2.4897100e+01   1.2072340e+02   3.4752461e+02
   2.4896900e+01   1.2072350e+02   3.5000000e+02
   2.4896700e+01   1.2072370e+02   3.5430503e+02
   2.4896600e+01   1.2072380e+02   3.5645755e+02
   2.4896500e+01   1.2072390e+02   3.5861006e+02
   2.4896400e+01   1.2072400e+02   3.6076258e+02
   2.4896300e+01   1.2072410e+02   3.6291509e+02
   2.4896100e+01   1.2072430e+02   3.6722012e+02
   2.4896000e+01   1.2072440e+02   3.6937264e+02
   2.4895800e+01   1.2072450e+02   3.7286750e+02
   2.4895600e+01   1.2072470e+02   3.7717253e+02
   2.4895500e+01   1.2072480e+02   3.7932504e+02
   2.4895400e+01   1.2072490e+02   3.8147756e+02
   2.4895300e+01   1.2072500e+02   3.8372294e+02
   2.4895200e+01   1.2072510e+02   3.8596832e+02
   2.4895100e+01   1.2072520e+02   3.8821371e+02
   2.4895000e+01   1.2072530e+02   3.9045909e+02
   2.4894900e+01   1.2072540e+02   3.9270447e+02
   2.4894700e+01   1.2072550e+02   3.9635011e+02
   2.4894600e+01   1.2072560e+02   3.9859550e+02
   2.4894500e+01   1.2072570e+02   4.0084088e+02
   2.4894400e+01   1.2072580e+02   4.0308626e+02
   2.4894300e+01   1.2072590e+02   4.0533165e+02
   2.4894200e+01   1.2072600e+02   4.0757703e+02
   2.4894100e+01   1.2072610e+02   4.0982241e+02
   2.4894000e+01   1.2072620e+02   4.1206780e+02
   2.4893900e+01   1.2072630e+02   4.1431318e+02
   2.4893800e+01   1.2072640e+02   4.1655856e+02
   2.4893700e+01   1.2072650e+02   4.1880395e+02
   2.4893500e+01   1.2072660e+02   4.2244959e+02
   2.4893400e+01   1.2072670e+02   4.2469497e+02
   2.4893300e+01   1.2072680e+02   4.2694036e+02
   2.4893200e+01   1.2072690e+02   4.2918574e+02
   2.4893100e+01   1.2072700e+02   4.3143112e+02
   2.4893000e+01   1.2072710e+02   4.3367651e+02
   2.4892800e+01   1.2072730e+02   4.3816727e+02
   2.4892700e+01   1.2072740e+02   4.4041266e+02
   2.4892600e+01   1.2072750e+02   4.4265804e+02
   2.4892400e+01   1.2072760e+02   4.4630368e+02
   2.4892300e+01   1.2072770e+02   4.4854906e+02
   2.4892200e+01   1.2072780e+02   4.5079445e+02
   2.4892100e+01   1.2072790e+02   4.5303983e+02
   2.4892000e+01   1.2072800e+02   4.5528521e+02
   2.4891900e+01   1.2072810e+02   4.5753060e+02
   2.4891800e+01   1.2072820e+02   4.5977598e+02
   2.4891700e+01   1.2072830e+02   4.6202136e+02
   2.4891500e+01   1.2072850e+02   4.6651213e+02
   2.4891300e+01   1.2072860e+02   4.7015777e+02
   2.4891200e+01   1.2072870e+02   4.7240315e+02
   2.4891100e+01   1.2072880e+02   4.7464854e+02
   2.4891000e+01   1.2072890e+02   4.7689392e+02
   2.4890900e+01   1.2072900e+02   4.7913930e+02
   2.4890800e+01   1.2072910e+02   4.8138469e+02
   2.4890600e+01   1.2072930e+02   4.8587545e+02
   2.4890500e+01   1.2072940e+02   4.8812084e+02
   2.4890400e+01   1.2072950e+02   4.9036622e+02
   2.4890300e+01   1.2072960e+02   4.9261160e+02
   2.4890100e+01   1.2072970e+02   4.9625725e+02
   2.4889900e+01   1.2072990e+02   5.0074801e+02
   2.4889800e+01   1.2073000e+02   5.0299340e+02
   2.4889600e+01   1.2073020e+02   5.0748416e+02
   2.4889500e+01   1.2073030e+02   5.0972954e+02
   2.4889400e+01   1.2073040e+02   5.1197493e+02
   2.4889200e+01   1.2073060e+02   5.1646569e+02
   2.4889000e+01   1.2073070e+02   5.2011134e+02
   2.4888900e+01   1.2073080e+02   5.2235672e+02
   2.4888700e+01   1.2073100e+02   5.2684749e+02
   2.4888600e+01   1.2073110e+02   5.2909287e+02
   2.4888500e+01   1.2073120e+02   5.3133825e+02
   2.4888200e+01   1.2073150e+02   5.3807440e+02
   2.4888100e+01   1.2073160e+02   5.4031979e+02
   2.4887900e+01   1.2073170e+02   5.4396543e+02
   2.4887700e+01   1.2073190e+02   5.4845619e+02
   2.4887600e+01   1.2073200e+02   5.5070158e+02
   2.4887500e+01   1.2073210e+02   5.5294696e+02
   2.4887400e+01   1.2073220e+02   5.5519234e+02
   2.4887200e+01   1.2073240e+02   5.5968311e+02
   2.4887100e+01   1.2073250e+02   5.6192849e+02
   2.4887000e+01   1.2073260e+02   5.6417388e+02
   2.4886900e+01   1.2073270e+02   5.6641926e+02
   2.4886700e+01   1.2073280e+02   5.7006490e+02
   2.4886600e+01   1.2073290e+02   5.7231028e+02
   2.4886500e+01   1.2073300e+02   5.7455567e+02
   2.4886400e+01   1.2073310e+02   5.7680105e+02
   2.4886300e+01   1.2073320e+02   5.7904643e+02
   2.4886200e+01   1.2073330e+02   5.8129182e+02
   2.4886100e+01   1.2073340e+02   5.8353720e+02
   2.4886000e+01   1.2073350e+02   5.8578258e+02
   2.4885900e+01   1.2073360e+02   5.8802797e+02
   2.4885800e+01   1.2073370e+02   5.9027335e+02
   2.4885600e+01   1.2073380e+02   5.9391899e+02
   2.4885400e+01   1.2073400e+02   5.9840976e+02
   2.4885300e+01   1.2073410e+02   6.0065514e+02
   2.4885200e+01   1.2073420e+02   6.0290053e+02
   2.4884900e+01   1.2073450e+02   6.0963668e+02
   2.4884800e+01   1.2073460e+02   6.1188206e+02
   2.4884700e+01   1.2073470e+02   6.1412744e+02
   2.4884500e+01   1.2073480e+02   6.1777308e+02
   2.4884400e+01   1.2073490e+02   6.2001847e+02
   2.4884300e+01   1.2073500e+02   6.2226385e+02
   2.4884200e+01   1.2073510e+02   6.2450923e+02
   2.4884000e+01   1.2073530e+02   6.2900000e+02
   2.4883900e+01   1.2073540e+02   6.3100000e+02
   2.4883800e+01   1.2073550e+02   6.3300000e+02
   2.4883700e+01   1.2073560e+02   6.3500000e+02
   2.4883600e+01   1.2073570e+02   6.3652461e+02
   2.4883400e+01   1.2073580e+02   6.3900000e+02
   2.4883300e+01   1.2073590e+02   6.3100000e+02
   2.4883200e+01   1.2073600e+02   6.3100000e+02
   2.4883100e+01   1.2073610e+02   6.2400000e+02
   2.4883000e+01   1.2073620e+02   6.2400000e+02
   2.4882900e+01   1.2073630e+02   6.0600000e+02
   2.4882800e+01   1.2073640e+02   6.0600000e+02
   2.4882700e+01   1.2073650e+02   5.9000000e+02
   2.4882500e+01   1.2073670e+02   5.9000000e+02
   2.4882400e+01   1.2073680e+02   5.9220722e+02
   2.4882200e+01   1.2073690e+02   5.9579090e+02
   2.4882100e+01   1.2073700e+02   5.9799812e+02
   2.4882000e+01   1.2073710e+02   6.0020534e+02
   2.4881900e+01   1.2073720e+02   6.0241256e+02
   2.4881800e+01   1.2073730e+02   6.0461978e+02
   2.4881700e+01   1.2073740e+02   6.0682700e+02
   2.4881600e+01   1.2073750e+02   6.0903422e+02
   2.4881500e+01   1.2073760e+02   6.1124144e+02
   2.4881400e+01   1.2073770e+02   6.1344866e+02
   2.4881300e+01   1.2073780e+02   6.1565589e+02
   2.4881100e+01   1.2073790e+02   6.1923956e+02
   2.4881000e+01   1.2073800e+02   6.2144679e+02
   2.4880900e+01   1.2073810e+02   6.2365401e+02
   2.4880700e+01   1.2073830e+02   6.2806845e+02
   2.4880600e+01   1.2073840e+02   6.3027567e+02
   2.4880500e+01   1.2073850e+02   6.3248289e+02
   2.4880400e+01   1.2073860e+02   6.3469011e+02
   2.4880300e+01   1.2073870e+02   6.3689733e+02
   2.4880200e+01   1.2073880e+02   6.3910455e+02
   2.4880000e+01   1.2073890e+02   6.4268823e+02
   2.4879900e+01   1.2073900e+02   6.4489545e+02
   2.4879800e+01   1.2073910e+02   6.4710267e+02
   2.4879700e+01   1.2073920e+02   6.4930989e+02
   2.4879600e+01   1.2073930e+02   6.5151711e+02
   2.4879500e+01   1.2073940e+02   6.5372433e+02
   2.4879400e+01   1.2073950e+02   6.5593155e+02
   2.4879200e+01   1.2073970e+02   6.6034599e+02
   2.4879100e+01   1.2073980e+02   6.6255321e+02
   2.4879000e+01   1.2073990e+02   6.6476044e+02
   2.4878800e+01   1.2074000e+02   6.6834411e+02
   2.4878700e+01   1.2074010e+02   6.7055134e+02
   2.4878600e+01   1.2074020e+02   6.7275856e+02
   2.4878500e+01   1.2074030e+02   6.7496578e+02
   2.4878400e+01   1.2074040e+02   6.7717300e+02
   2.4878300e+01   1.2074050e+02   6.7941583e+02
   2.4878200e+01   1.2074060e+02   6.8165866e+02
   2.4878100e+01   1.2074070e+02   6.8390150e+02
   2.4878000e+01   1.2074080e+02   6.8614433e+02
   2.4877900e+01   1.2074090e+02   6.8838716e+02
   2.4877700e+01   1.2074100e+02   6.9202867e+02
   2.4877600e+01   1.2074110e+02   6.9427150e+02
   2.4877500e+01   1.2074120e+02   6.9651433e+02
   2.4877300e+01   1.2074140e+02   7.0100000e+02
   2.4877200e+01   1.2074150e+02   6.9500000e+02
   2.4877100e+01   1.2074160e+02   6.9500000e+02
   2.4877000e+01   1.2074170e+02   6.8900000e+02
   2.4876900e+01   1.2074180e+02   6.7400000e+02
   2.4876800e+01   1.2074190e+02   6.6100000e+02
   2.4876600e+01   1.2074200e+02   6.4600000e+02
   2.4876500e+01   1.2074210e+02   6.2000000e+02
   2.4876400e+01   1.2074220e+02   6.2000000e+02
   2.4876300e+01   1.2074230e+02   5.9300000e+02
   2.4876200e+01   1.2074240e+02   5.9100000e+02
   2.4876000e+01   1.2074260e+02   5.9100000e+02
   2.4875900e+01   1.2074270e+02   5.7900000e+02
   2.4875800e+01   1.2074280e+02   5.7900000e+02
   2.4875700e+01   1.2074290e+02   5.7450000e+02
   2.4875600e+01   1.2074300e+02   5.7583404e+02
   2.4875400e+01   1.2074310e+02   5.7800000e+02
   2.4875300e+01   1.2074320e+02   5.7200000e+02
   2.4875200e+01   1.2074330e+02   5.6500000e+02
   2.4875100e+01   1.2074340e+02   5.6500000e+02
   2.4875000e+01   1.2074350e+02   5.5100000e+02
   2.4874900e+01   1.2074360e+02   5.5100000e+02
   2.4874800e+01   1.2074370e+02   5.5300000e+02
   2.4874700e+01   1.2074380e+02   5.4900000e+02
   2.4874600e+01   1.2074390e+02   5.4900000e+02
   2.4874500e+01   1.2074400e+02   5.4700000e+02
   2.4874300e+01   1.2074410e+02   5.3300000e+02
   2.4874200e+01   1.2074420e+02   5.3300000e+02
   2.4874100e+01   1.2074430e+02   5.3508489e+02
   2.4874000e+01   1.2074440e+02   5.3716978e+02
   2.4873900e+01   1.2074450e+02   5.3925467e+02
   2.4873800e+01   1.2074460e+02   5.4133956e+02
   2.4873700e+01   1.2074470e+02   5.4342445e+02
   2.4873600e+01   1.2074480e+02   5.4550934e+02
   2.4873500e+01   1.2074490e+02   5.4759423e+02
   2.4873400e+01   1.2074500e+02   5.4967912e+02
   2.4873200e+01   1.2074510e+02   5.5306418e+02
   2.4873000e+01   1.2074530e+02   5.5723396e+02
   2.4872900e+01   1.2074540e+02   5.5931885e+02
   2.4872800e+01   1.2074550e+02   5.6140373e+02
   2.4872600e+01   1.2074570e+02   5.6557351e+02
   2.4872500e+01   1.2074580e+02   5.6765840e+02
   2.4872400e+01   1.2074590e+02   5.6974329e+02
   2.4872300e+01   1.2074600e+02   5.7182818e+02
   2.4872100e+01   1.2074610e+02   5.7521324e+02
   2.4872000e+01   1.2074620e+02   5.7745902e+02
   2.4871800e+01   1.2074640e+02   5.8195057e+02
   2.4871700e+01   1.2074650e+02   5.8419635e+02
   2.4871600e+01   1.2074660e+02   5.8644212e+02
   2.4871500e+01   1.2074670e+02   5.8868790e+02
   2.4871300e+01   1.2074690e+02   5.9317945e+02
   2.4871200e+01   1.2074700e+02   5.9542522e+02
   2.4871100e+01   1.2074710e+02   5.9767100e+02
   2.4870900e+01   1.2074720e+02   6.0131728e+02
   2.4870800e+01   1.2074730e+02   6.0356305e+02
   2.4870700e+01   1.2074740e+02   6.0580883e+02
   2.4870600e+01   1.2074750e+02   6.0805460e+02
   2.4870300e+01   1.2074780e+02   6.1479193e+02
   2.4870200e+01   1.2074790e+02   6.1703771e+02
   2.4870100e+01   1.2074800e+02   6.1928348e+02
   2.4870000e+01   1.2074810e+02   6.2152926e+02
   2.4869800e+01   1.2074820e+02   6.2517554e+02
   2.4869700e+01   1.2074830e+02   6.2742131e+02
   2.4869600e+01   1.2074840e+02   6.2966709e+02
   2.4869400e+01   1.2074860e+02   6.3415864e+02
   2.4869300e+01   1.2074870e+02   6.3640441e+02
   2.4869200e+01   1.2074880e+02   6.3865019e+02
   2.4869100e+01   1.2074890e+02   6.4089597e+02
   2.4869000e+01   1.2074900e+02   6.4314174e+02
   2.4868900e+01   1.2074910e+02   6.4538752e+02
   2.4868700e+01   1.2074920e+02   6.4903380e+02
   2.4868600e+01   1.2074930e+02   6.5127957e+02
   2.4868500e+01   1.2074940e+02   6.5352535e+02
   2.4868300e+01   1.2074960e+02   6.5801690e+02
   2.4868200e+01   1.2074970e+02   6.6026267e+02
   2.4868100e+01   1.2074980e+02   6.6250845e+02
   2.4868000e+01   1.2074990e+02   6.6475422e+02
   2.4867900e+01   1.2075000e+02   6.6700000e+02
   2.4867700e+01   1.2075020e+02   6.6700000e+02
   2.4867500e+01   1.2075030e+02   6.5800000e+02
   2.4867400e+01   1.2075040e+02   6.5985141e+02
   2.4867300e+01   1.2075050e+02   6.6170282e+02
   2.4867200e+01   1.2075060e+02   6.6355423e+02
   2.4867000e+01   1.2075080e+02   6.6725705e+02
   2.4866900e+01   1.2075090e+02   6.6910845e+02
   2.4866800e+01   1.2075100e+02   6.7095986e+02
   2.4866700e+01   1.2075110e+02   6.7281127e+02
   2.4866600e+01   1.2075120e+02   6.7466268e+02
   2.4866400e+01   1.2075130e+02   6.7829414e+02
   2.4866300e+01   1.2075140e+02   6.8053079e+02
   2.4866100e+01   1.2075160e+02   6.8500409e+02
   2.4866000e+01   1.2075170e+02   6.8724074e+02
   2.4865900e+01   1.2075180e+02   6.8947739e+02
   2.4865600e+01   1.2075210e+02   6.9618734e+02
   2.4865500e+01   1.2075220e+02   6.9842399e+02
   2.4865300e+01   1.2075230e+02   7.0205545e+02
   2.4865100e+01   1.2075250e+02   7.0652875e+02
   2.4865000e+01   1.2075260e+02   7.0876540e+02
   2.4864600e+01   1.2075300e+02   7.1771199e+02
   2.4864500e+01   1.2075310e+02   7.1994864e+02
   2.4864300e+01   1.2075330e+02   7.2442194e+02
   2.4864100e+01   1.2075340e+02   7.2805340e+02
   2.4864000e+01   1.2075350e+02   7.3029005e+02
   2.4863700e+01   1.2075380e+02   7.3700000e+02
   2.4863600e+01   1.2075390e+02   7.3700000e+02
   2.4863400e+01   1.2075410e+02   7.4000000e+02
   2.4863300e+01   1.2075420e+02   7.4000000e+02
   2.4863200e+01   1.2075430e+02   7.4076231e+02
   2.4863000e+01   1.2075440e+02   7.4200000e+02
   2.4862900e+01   1.2075450e+02   7.4200000e+02
   2.4862800e+01   1.2075460e+02   7.3866667e+02
   2.4862700e+01   1.2075470e+02   7.3533333e+02
   2.4862600e+01   1.2075480e+02   7.3200000e+02
   2.4862500e+01   1.2075490e+02   7.1200000e+02
   2.4862300e+01   1.2075510e+02   7.1600000e+02
   2.4862200e+01   1.2075520e+02   6.9200000e+02
   2.4862100e+01   1.2075530e+02   6.9200000e+02
   2.4861900e+01   1.2075540e+02   6.7000000e+02
   2.4861800e+01   1.2075550e+02   6.5900000e+02
   2.4861700e+01   1.2075560e+02   6.5900000e+02
   2.4861600e+01   1.2075570e+02   6.5000000e+02
   2.4861500e+01   1.2075580e+02   6.4200000e+02
   2.4861400e+01   1.2075590e+02   6.4200000e+02
   2.4861300e+01   1.2075600e+02   6.3800000e+02
   2.4861200e+01   1.2075610e+02   6.3700000e+02
   2.4861000e+01   1.2075630e+02   6.3700000e+02
   2.4860900e+01   1.2075640e+02   6.3905666e+02
   2.4860700e+01   1.2075650e+02   6.4239588e+02
   2.4860600e+01   1.2075660e+02   6.4445254e+02
   2.4860400e+01   1.2075680e+02   6.4856586e+02
   2.4860300e+01   1.2075690e+02   6.5062252e+02
   2.4860200e+01   1.2075700e+02   6.5267918e+02
   2.4860100e+01   1.2075710e+02   6.5473584e+02
   2.4860000e+01   1.2075720e+02   6.5679249e+02
   2.4859900e+01   1.2075730e+02   6.5884915e+02
   2.4859800e+01   1.2075740e+02   6.6090581e+02
   2.4859600e+01   1.2075750e+02   6.6424504e+02
   2.4859400e+01   1.2075770e+02   6.6835835e+02
   2.4859300e+01   1.2075780e+02   6.7041501e+02
   2.4859200e+01   1.2075790e+02   6.7247167e+02
   2.4859100e+01   1.2075800e+02   6.7452833e+02
   2.4859000e+01   1.2075810e+02   6.7658499e+02
   2.4858900e+01   1.2075820e+02   6.7864165e+02
   2.4858700e+01   1.2075840e+02   6.8275496e+02
   2.4858500e+01   1.2075850e+02   6.8609419e+02
   2.4858400e+01   1.2075860e+02   6.8815085e+02
   2.4858200e+01   1.2075880e+02   6.9226416e+02
   2.4858100e+01   1.2075890e+02   6.9432082e+02
   2.4858000e+01   1.2075900e+02   6.9637748e+02
   2.4857900e+01   1.2075910e+02   6.9843414e+02
   2.4857700e+01   1.2075930e+02   7.0254746e+02
   2.4857600e+01   1.2075940e+02   7.0460412e+02
   2.4857400e+01   1.2075950e+02   7.0794334e+02
   2.4857300e+01   1.2075960e+02   7.1000000e+02
   2.4857000e+01   1.2075990e+02   7.1000000e+02
   2.4856900e+01   1.2076000e+02   7.0600000e+02
   2.4856800e+01   1.2076010e+02   7.0600000e+02
   2.4856700e+01   1.2076020e+02   7.0300000e+02
   2.4856600e+01   1.2076030e+02   7.0100000e+02
   2.4856500e+01   1.2076040e+02   7.0210387e+02
   2.4856400e+01   1.2076050e+02   7.0320774e+02
   2.4856200e+01   1.2076060e+02   7.0500000e+02
   2.4856000e+01   1.2076080e+02   7.0500000e+02
   2.4855900e+01   1.2076090e+02   7.0200000e+02
   2.4855800e+01   1.2076100e+02   7.0000000e+02
   2.4855700e+01   1.2076110e+02   7.0200000e+02
   2.4855600e+01   1.2076120e+02   7.0400000e+02
   2.4855500e+01   1.2076130e+02   6.9400000e+02
   2.4855400e+01   1.2076140e+02   6.9500000e+02
   2.4855300e+01   1.2076150e+02   6.9309423e+02
   2.4855100e+01   1.2076160e+02   6.9000000e+02
   2.4855000e+01   1.2076170e+02   6.9000000e+02
   2.4854900e+01   1.2076180e+02   6.7300000e+02
   2.4854800e+01   1.2076190e+02   6.6700000e+02
   2.4854700e+01   1.2076200e+02   6.5600000e+02
   2.4854600e+01   1.2076210e+02   6.5600000e+02
   2.4854500e+01   1.2076220e+02   6.5400000e+02
   2.4854400e+01   1.2076230e+02   6.5400000e+02
   2.4854300e+01   1.2076240e+02   6.5289613e+02
   2.4854200e+01   1.2076250e+02   6.5179226e+02
   2.4854000e+01   1.2076260e+02   6.5000000e+02
   2.4853900e+01   1.2076270e+02   6.5000000e+02
   2.4853800e+01   1.2076280e+02   6.4600000e+02
   2.4853700e+01   1.2076290e+02   6.2400000e+02
   2.4853500e+01   1.2076310e+02   6.2400000e+02
   2.4853400e+01   1.2076320e+02   6.0700000e+02
   2.4853200e+01   1.2076340e+02   6.0700000e+02
   2.4853100e+01   1.2076350e+02   6.0793287e+02
   2.4853000e+01   1.2076360e+02   6.0886575e+02
   2.4852800e+01   1.2076370e+02   6.1038038e+02
   2.4852700e+01   1.2076380e+02   6.1131325e+02
   2.4852600e+01   1.2076390e+02   6.1224613e+02
   2.4852500e+01   1.2076400e+02   6.1317900e+02
   2.4852400e+01   1.2076410e+02   6.1411188e+02
   2.4852300e+01   1.2076420e+02   6.1504475e+02
   2.4852100e+01   1.2076440e+02   6.1691050e+02
   2.4852000e+01   1.2076450e+02   6.1784337e+02
   2.4851900e+01   1.2076460e+02   6.1877625e+02
   2.4851700e+01   1.2076470e+02   6.2235531e+02
   2.4851400e+01   1.2076500e+02   6.2896843e+02
   2.4851300e+01   1.2076510e+02   6.3117281e+02
   2.4851200e+01   1.2076520e+02   6.3337719e+02
   2.4851000e+01   1.2076540e+02   6.3778594e+02
   2.4850900e+01   1.2076550e+02   6.3999031e+02
   2.4850800e+01   1.2076560e+02   6.4219469e+02
   2.4850600e+01   1.2076570e+02   6.4577375e+02
   2.4850500e+01   1.2076580e+02   6.4797812e+02
   2.4850400e+01   1.2076590e+02   6.5018250e+02
   2.4850200e+01   1.2076610e+02   6.5459125e+02
   2.4850100e+01   1.2076620e+02   6.5679562e+02
   2.4850000e+01   1.2076630e+02   6.5900000e+02
   2.4849900e+01   1.2076640e+02   6.5900000e+02
   2.4849600e+01   1.2076670e+02   6.6200000e+02
   2.4849400e+01   1.2076680e+02   6.4500000e+02
   2.4849300e+01   1.2076690e+02   6.3333333e+02
   2.4849200e+01   1.2076700e+02   6.2166667e+02
   2.4849100e+01   1.2076710e+02   6.1000000e+02
   2.4849000e+01   1.2076720e+02   5.8700000e+02
   2.4848900e+01   1.2076730e+02   5.8700000e+02
   2.4848800e+01   1.2076740e+02   5.8100000e+02
   2.4848700e+01   1.2076750e+02   5.6400000e+02
   2.4848600e+01   1.2076760e+02   5.6400000e+02
   2.4848500e+01   1.2076770e+02   5.5500000e+02
   2.4848300e+01   1.2076780e+02   5.4100000e+02
   2.4848200e+01   1.2076790e+02   5.3700000e+02
   2.4848100e+01   1.2076800e+02   5.3800000e+02
   2.4848000e+01   1.2076810e+02   5.3800000e+02
   2.4847900e+01   1.2076820e+02   5.2600000e+02
   2.4847800e+01   1.2076830e+02   5.2600000e+02
   2.4847700e+01   1.2076840e+02   5.1700000e+02
   2.4847600e+01   1.2076850e+02   5.1900000e+02
   2.4847400e+01   1.2076870e+02   5.1900000e+02
   2.4847200e+01   1.2076880e+02   4.9800000e+02
   2.4847100e+01   1.2076890e+02   4.9800000e+02
   2.4847000e+01   1.2076900e+02   4.6600000e+02
   2.4846900e+01   1.2076910e+02   4.6600000e+02
   2.4846800e+01   1.2076920e+02   4.5500000e+02
   2.4846700e+01   1.2076930e+02   4.5100000e+02
   2.4846600e+01   1.2076940e+02   4.5100000e+02
   2.4846500e+01   1.2076950e+02   4.3300000e+02
   2.4846400e+01   1.2076960e+02   4.2900000e+02
   2.4846300e+01   1.2076970e+02   4.2900000e+02
   2.4846200e+01   1.2076980e+02   4.1400000e+02
   2.4846000e+01   1.2076990e+02   4.0300000e+02
   2.4845900e+01   1.2077000e+02   4.0200000e+02
   2.4845800e+01   1.2077010e+02   4.0200000e+02
   2.4845700e+01   1.2077020e+02   4.0400000e+02
   2.4845400e+01   1.2077050e+02   4.0400000e+02
   2.4845300e+01   1.2077060e+02   4.0566667e+02
   2.4845200e+01   1.2077070e+02   4.0733333e+02
   2.4845100e+01   1.2077080e+02   4.0900000e+02
   2.4844900e+01   1.2077090e+02   4.0900000e+02
   2.4844800e+01   1.2077100e+02   4.0700000e+02
   2.4844700e+01   1.2077110e+02   4.0700000e+02
   2.4844500e+01   1.2077130e+02   4.1000000e+02
   2.4844400e+01   1.2077140e+02   4.1000000e+02
   2.4844300e+01   1.2077150e+02   4.0900000e+02
   2.4844100e+01   1.2077170e+02   4.0900000e+02
   2.4844000e+01   1.2077180e+02   4.0300000e+02
   2.4843800e+01   1.2077190e+02   4.0300000e+02
   2.4843600e+01   1.2077210e+02   3.9900000e+02
   2.4843500e+01   1.2077220e+02   3.9900000e+02
   2.4843400e+01   1.2077230e+02   3.8600000e+02
   2.4843300e+01   1.2077240e+02   3.8600000e+02
   2.4843200e+01   1.2077250e+02   3.7100000e+02
   2.4843100e+01   1.2077260e+02   3.7100000e+02
   2.4843000e+01   1.2077270e+02   3.6000000e+02
   2.4842900e+01   1.2077280e+02   3.4600000e+02
   2.4842700e+01   1.2077290e+02   3.3800000e+02
   2.4842600e+01   1.2077300e+02   3.2200000e+02
   2.4842500e+01   1.2077310e+02   3.2200000e+02
   2.4842400e+01   1.2077320e+02   3.1500000e+02
   2.4842300e+01   1.2077330e+02   2.9900000e+02
   2.4842200e+01   1.2077340e+02   2.9900000e+02
   2.4842100e+01   1.2077350e+02   3.0000000e+02
   2.4842000e+01   1.2077360e+02   2.9900000e+02
   2.4841800e+01   1.2077380e+02   2.9700000e+02
   2.4841700e+01   1.2077390e+02   2.9700000e+02
   2.4841500e+01   1.2077400e+02   2.9100000e+02
   2.4841300e+01   1.2077420e+02   2.9100000e+02
   2.4841200e+01   1.2077430e+02   2.7800000e+02
   2.4841000e+01   1.2077450e+02   2.7800000e+02
   2.4840900e+01   1.2077460e+02   2.6200000e+02
   2.4840700e+01   1.2077480e+02   2.6200000e+02
   2.4840600e+01   1.2077490e+02   2.6100000e+02
   2.4840400e+01   1.2077500e+02   2.6400000e+02
   2.4840300e+01   1.2077510e+02   2.6400000e+02
   2.4840200e+01   1.2077520e+02   2.6100000e+02
   2.4840100e+01   1.2077530e+02   2.5800000e+02
   2.4840000e+01   1.2077540e+02   2.5500000e+02
   2.4839900e+01   1.2077550e+02   2.5500000e+02
   2.4839800e+01   1.2077560e+02   2.4200000e+02
   2.4839700e+01   1.2077570e+02   2.3700000e+02
   2.4839600e+01   1.2077580e+02   2.3700000e+02
   2.4839500e+01   1.2077590e+02   2.2100000e+02
   2.4839300e+01   1.2077600e+02   2.1200000e+02
   2.4839100e+01   1.2077620e+02   2.1200000e+02
   2.4839000e+01   1.2077630e+02   2.0000000e+02
   2.4838900e+01   1.2077640e+02   2.0000000e+02
   2.4838800e+01   1.2077650e+02   1.9700000e+02
   2.4838700e+01   1.2077660e+02   1.8400000e+02
   2.4838600e+01   1.2077670e+02   1.8400000e+02
   2.4838500e+01   1.2077680e+02   1.7600000e+02
   2.4838400e+01   1.2077690e+02   1.7600000e+02
   2.4838300e+01   1.2077700e+02   1.6800000e+02
   2.4838100e+01   1.2077710e+02   1.4800000e+02
   2.4838000e+01   1.2077720e+02   1.4800000e+02
   2.4837900e+01   1.2077730e+02   1.3200000e+02
   2.4837800e+01   1.2077740e+02   1.1100000e+02
   2.4837700e+01   1.2077750e+02   1.1100000e+02
   2.4837600e+01   1.2077760e+02   8.9000000e+01
   2.4837500e+01   1.2077770e+02   7.3000000e+01
   2.4837400e+01   1.2077780e+02   7.3000000e+01
   2.4837300e+01   1.2077790e+02   4.0000000e+01
   2.4837200e+01   1.2077800e+02   4.0000000e+01
   2.4837000e+01   1.2077810e+02   4.1000000e+01
   2.4836900e+01   1.2077820e+02   3.7000000e+01
   2.4836700e+01   1.2077840e+02   3.7000000e+01
   2.4836600e+01   1.2077850e+02   3.4000000e+01
   2.4836500e+01   1.2077860e+02   3.6000000e+01
   2.4836200e+01   1.2077890e+02   3.6000000e+01
   2.4836100e+01   1.2077900e+02   2.9000000e+01
   2.4835800e+01   1.2077920e+02   2.9000000e+01
   2.4835700e+01   1.2077930e+02   2.2000000e+01
   2.4835600e+01   1.2077940e+02   2.3000000e+01
   2.4835500e+01   1.2077950e+02   2.3000000e+01
   2.4835400e+01   1.2077960e+02   2.2000000e+01
   2.4835200e+01   1.2077980e+02   2.2000000e+01
   2.4835100e+01   1.2077990e+02   2.1000000e+01
   2.4834900e+01   1.2078010e+02   2.1000000e+01
   2.4834700e+01   1.2078020e+02   2.3000000e+01
   2.4834600e+01   1.2078030e+02   2.3000000e+01
   2.4834500e+01   1.2078040e+02   2.1000000e+01
   2.4834400e+01   1.2078050e+02   2.1000000e+01
   2.4834300e+01   1.2078060e+02   2.3000000e+01
   2.4834100e+01   1.2078080e+02   2.3000000e+01
   2.4834000e+01   1.2078090e+02   2.1000000e+01
   2.4833900e+01   1.2078100e+02   1.8000000e+01
   2.4833800e+01   1.2078110e+02   1.8000000e+01
   2.4833600e+01   1.2078120e+02   1.5000000e+01
   2.4833500e+01   1.2078130e+02   1.3000000e+01
   2.4833400e+01   1.2078140e+02   1.2000000e+01
   2.4833300e+01   1.2078150e+02   1.4000000e+01
   2.4833200e+01   1.2078160e+02   1.4000000e+01
   2.4833100e+01   1.2078170e+02   1.2000000e+01
   2.4833000e+01   1.2078180e+02   1.3500000e+01
   2.4832900e+01   1.2078190e+02   1.5000000e+01
   2.4832100e+01   1.2078260e+02   1.5000000e+01
   2.4832000e+01   1.2078270e+02   1.6000000e+01
   2.4831600e+01   1.2078310e+02   1.6000000e+01
   2.4831400e+01   1.2078320e+02   1.5000000e+01
   2.4831300e+01   1.2078330e+02   1.5000000e+01
   2.4831200e+01   1.2078340e+02   1.3000000e+01
   2.4831100e+01   1.2078350e+02   1.3000000e+01
   2.4831000e+01   1.2078360e+02   9.0000000e+00
   2.4830900e+01   1.2078370e+02   9.0000000e+00
   2.4830800e+01   1.2078380e+02   8.0000000e+00
   2.4830700e+01   1.2078390e+02   8.0000000e+00
   2.4830600e+01   1.2078400e+02   7.0000000e+00
   2.4830500e+01   1.2078410e+02   7.0000000e+00
   2.4830400e+01   1.2078420e+02   8.0000000e+00
   2.4830200e+01   1.2078430e+02   8.0000000e+00
   2.4830100e+01   1.2078440e+02   6.0000000e+00
   2.4830000e+01   1.2078450e+02   6.0000000e+00
   2.4829900e+01   1.2078460e+02   8.0000000e+00
   2.4829800e+01   1.2078470e+02   9.0000000e+00
   2.4829600e+01   1.2078490e+02   9.0000000e+00
   2.4829500e+01   1.2078500e+02   7.0000000e+00
   2.4829400e+01   1.2078510e+02   9.0000000e+00
   2.4829300e+01   1.2078520e+02   9.0000000e+00
   2.4829100e+01   1.2078530e+02   1.1475387e+01
   2.4829000e+01   1.2078540e+02   1.3000000e+01
   2.4828900e+01   1.2078550e+02   1.3000000e+01
   2.4828800e+01   1.2078560e+02   1.5000000e+01
   2.4828700e+01   1.2078570e+02   1.7000000e+01
   2.4828500e+01   1.2078590e+02   1.7000000e+01
   2.4828400e+01   1.2078600e+02   1.2000000e+01
   2.4828200e+01   1.2078620e+02   1.2000000e+01
   2.4828000e+01   1.2078630e+02   1.0000000e+01
   2.4827900e+01   1.2078640e+02   7.0000000e+00
   2.4827700e+01   1.2078660e+02   7.0000000e+00
   2.4827500e+01   1.2078680e+02   9.0000000e+00
   2.4827400e+01   1.2078690e+02   9.0000000e+00
   2.4827200e+01   1.2078710e+02   1.1000000e+01
   2.4827100e+01   1.2078720e+02   1.1000000e+01
   2.4827000e+01   1.2078730e+02   9.0000000e+00
   2.4826500e+01   1.2078770e+02   9.0000000e+00
   2.4826400e+01   1.2078780e+02   1.0750000e+01
   2.4826300e+01   1.2078790e+02   1.2500000e+01
   2.4826200e+01   1.2078800e+02   1.4250000e+01
   2.4826100e+01   1.2078810e+02   1.6000000e+01
   2.4826000e+01   1.2078820e+02   1.6000000e+01
   2.4825900e+01   1.2078830e+02   1.4000000e+01
   2.4825400e+01   1.2078870e+02   1.4000000e+01
   2.4825300e+01   1.2078880e+02   8.0000000e+00
   2.4825200e+01   1.2078890e+02   9.5000000e+00
   2.4825100e+01   1.2078900e+02   1.1000000e+01
   2.4825000e+01   1.2078910e+02   1.1000000e+01
   2.4824900e+01   1.2078920e+02   1.0000000e+01
   2.4824600e+01   1.2078940e+02   1.0000000e+01
   2.4824500e+01   1.2078950e+02   8.0000000e+00
   2.4824400e+01   1.2078960e+02   8.0000000e+00
   2.4824300e+01   1.2078970e+02   7.0000000e+00
   2.4824200e+01   1.2078980e+02   7.0000000e+00
   2.4824100e+01   1.2078990e+02   9.0000000e+00
   2.4824000e+01   1.2079000e+02   1.0000000e+01
   2.4823800e+01   1.2079020e+02   1.0000000e+01
   2.4823700e+01   1.2079030e+02   9.0000000e+00
   2.4823600e+01   1.2079040e+02   1.0000000e+01
   2.4823400e+01   1.2079050e+02   8.0000000e+00
   2.4823300e+01   1.2079060e+02   8.0000000e+00
   2.4823200e+01   1.2079070e+02   7.0000000e+00
   2.4823100e+01   1.2079080e+02   9.0000000e+00
   2.4822500e+01   1.2079140e+02   9.0000000e+00
   2.4822300e+01   1.2079150e+02   7.0000000e+00
   2.4822100e+01   1.2079170e+02   7.0000000e+00
   2.4822000e+01   1.2079180e+02   9.0000000e+00
   2.4821800e+01   1.2079200e+02   9.0000000e+00
   2.4821700e+01   1.2079210e+02   8.0000000e+00
   2.4821400e+01   1.2079240e+02   8.0000000e+00
   2.4821200e+01   1.2079250e+02   1.0598425e+01
   2.4820900e+01   1.2079280e+02   1.5399606e+01
   2.4820800e+01   1.2079290e+02   1.7000000e+01
   2.4820700e+01   1.2079300e+02   1.7000000e+01
   2.4820600e+01   1.2079310e+02   1.1000000e+01
   2.4820500e+01   1.2079320e+02   1.3000000e+01
   2.4820300e+01   1.2079340e+02   1.3000000e+01
   2.4820200e+01   1.2079350e+02   1.4000000e+01
   2.4819600e+01   1.2079400e+02   1.4000000e+01
   2.4819500e+01   1.2079410e+02   1.3000000e+01
   2.4819400e+01   1.2079420e+02   1.3000000e+01
   2.4819300e+01   1.2079430e+02   1.0000000e+01
   2.4819100e+01   1.2079450e+02   1.0000000e+01
   2.4818900e+01   1.2079460e+02   1.1237693e+01
   2.4818800e+01   1.2079470e+02   1.2000000e+01
   2.4818500e+01   1.2079500e+02   1.2000000e+01
   2.4818400e+01   1.2079510e+02   9.0000000e+00
   2.4818300e+01   1.2079520e+02   7.0000000e+00
   2.4818200e+01   1.2079530e+02   7.0000000e+00
   2.4818100e+01   1.2079540e+02   6.0000000e+00
   2.4817800e+01   1.2079560e+02   6.0000000e+00
   2.4817700e+01   1.2079570e+02   7.0000000e+00
   2.4817500e+01   1.2079590e+02   7.0000000e+00
   2.4817400e+01   1.2079600e+02   8.0000000e+00
   2.4817300e+01   1.2079610e+02   9.0000000e+00
   2.4817200e+01   1.2079620e+02   9.0000000e+00
   2.4817100e+01   1.2079630e+02   6.0000000e+00
   2.4817000e+01   1.2079640e+02   6.0000000e+00
   2.4816900e+01   1.2079650e+02   5.0000000e+00
   2.4816700e+01   1.2079660e+02   7.0000000e+00
   2.4816600e+01   1.2079670e+02   7.0000000e+00
   2.4816500e+01   1.2079680e+02   5.0000000e+00
   2.4816000e+01   1.2079730e+02   5.0000000e+00
   2.4815900e+01   1.2079740e+02   6.0000000e+00
   2.4815800e+01   1.2079750e+02   6.0000000e+00
   2.4815700e+01   1.2079760e+02   8.0000000e+00
   2.4815500e+01   1.2079770e+02   1.1000000e+01
   2.4815400e+01   1.2079780e+02   8.0000000e+00
   2.4815300e+01   1.2079790e+02   9.0000000e+00
   2.4815200e+01   1.2079800e+02   9.0000000e+00
   2.4815100e+01   1.2079810e+02   8.0000000e+00
   2.4814900e+01   1.2079830e+02   8.0000000e+00
   2.4814800e+01   1.2079840e+02   9.0000000e+00
   2.4814600e+01   1.2079860e+02   9.0000000e+00
   2.4814400e+01   1.2079870e+02   1.1475387e+01
   2.4814300e+01   1.2079880e+02   1.3000000e+01
   2.4814200e+01   1.2079890e+02   1.4500000e+01
   2.4814100e+01   1.2079900e+02   1.6000000e+01
   2.4813600e+01   1.2079950e+02   1.6000000e+01
   2.4813500e+01   1.2079960e+02   1.2000000e+01
   2.4813300e+01   1.2079970e+02   1.3000000e+01
   2.4813200e+01   1.2079980e+02   1.3000000e+01
   2.4813100e+01   1.2079990e+02   1.0000000e+01
   2.4813000e+01   1.2080000e+02   1.0000000e+01
   2.4812900e+01   1.2080010e+02   9.0000000e+00
   2.4812800e+01   1.2080020e+02   9.0000000e+00
   2.4812700e+01   1.2080030e+02   1.0000000e+01
   2.4812600e+01   1.2080040e+02   9.0000000e+00
   2.4812100e+01   1.2080080e+02   9.0000000e+00
   2.4812000e+01   1.2080090e+02   1.0000000e+01
   2.4811900e+01   1.2080100e+02   1.0000000e+01
   2.4811800e+01   1.2080110e+02   1.1000000e+01
   2.4811700e+01   1.2080120e+02   1.1000000e+01
   2.4811500e+01   1.2080140e+02   1.4000000e+01
   2.4811200e+01   1.2080170e+02   1.4000000e+01
   2.4811000e+01   1.2080180e+02   7.0000000e+00
   2.4810800e+01   1.2080200e+02   7.0000000e+00
   2.4810600e+01   1.2080220e+02   5.0000000e+00
   2.4810500e+01   1.2080230e+02   5.0000000e+00
   2.4810400e+01   1.2080240e+02   6.0000000e+00
   2.4810200e+01   1.2080260e+02   1.0000000e+01
   2.4810100e+01   1.2080270e+02   1.2000000e+01
   2.4809900e+01   1.2080280e+02   1.2000000e+01
   2.4809800e+01   1.2080290e+02   1.0000000e+01
   2.4809700e+01   1.2080300e+02   1.0000000e+01
   2.4809600e+01   1.2080310e+02   7.0000000e+00
   2.4809400e+01   1.2080330e+02   7.0000000e+00
   2.4809200e+01   1.2080350e+02   1.1000000e+01
   2.4809100e+01   1.2080360e+02   1.1000000e+01
   2.4809000e+01   1.2080370e+02   1.3000000e+01
   2.4808900e+01   1.2080380e+02   1.3000000e+01
   2.4808700e+01   1.2080390e+02   1.2000000e+01
   2.4808600e+01   1.2080400e+02   1.1000000e+01
   2.4808400e+01   1.2080420e+02   1.1000000e+01
   2.4808300e+01   1.2080430e+02   9.0000000e+00
   2.4808100e+01   1.2080450e+02   9.0000000e+00
   2.4808000e+01   1.2080460e+02   8.0000000e+00
   2.4807800e+01   1.2080480e+02   8.0000000e+00
   2.4807600e+01   1.2080490e+02   9.0000000e+00
   2.4807500e+01   1.2080500e+02   9.0000000e+00
   2.4807300e+01   1.2080520e+02   1.2000000e+01
   2.4807100e+01   1.2080540e+02   1.2000000e+01
   2.4807000e+01   1.2080550e+02   1.3000000e+01
   2.4806900e+01   1.2080560e+02   1.3000000e+01
   2.4806800e+01   1.2080570e+02   8.0000000e+00
   2.4806700e+01   1.2080580e+02   8.0000000e+00
   2.4806500e+01   1.2080590e+02   1.1094234e+01
   2.4806400e+01   1.2080600e+02   1.3000000e+01
   2.4806000e+01   1.2080640e+02   1.3000000e+01
   2.4805900e+01   1.2080650e+02   1.5000000e+01
   2.4805700e+01   1.2080670e+02   1.5000000e+01
   2.4805600e+01   1.2080680e+02   1.6000000e+01
   2.4805500e+01   1.2080690e+02   1.6000000e+01
   2.4805300e+01   1.2080700e+02   1.8000000e+01
   2.4805200e+01   1.2080710e+02   1.4000000e+01
   2.4805100e+01   1.2080720e+02   1.5000000e+01
   2.4805000e+01   1.2080730e+02   1.5000000e+01
   2.4804900e+01   1.2080740e+02   9.0000000e+00
   2.4804700e+01   1.2080760e+02   9.0000000e+00
   2.4804600e+01   1.2080770e+02   7.0000000e+00
   2.4804500e+01   1.2080780e+02   8.0000000e+00
   2.4804400e+01   1.2080790e+02   8.0000000e+00
   2.4804200e+01   1.2080800e+02   9.0000000e+00
   2.4804100e+01   1.2080810e+02   9.0000000e+00
   2.4804000e+01   1.2080820e+02   8.0000000e+00
   2.4803900e+01   1.2080830e+02   9.6666667e+00
   2.4803800e+01   1.2080840e+02   1.1333333e+01
   2.4803700e+01   1.2080850e+02   1.3000000e+01
   2.4803500e+01   1.2080870e+02   1.3000000e+01
   2.4803400e+01   1.2080880e+02   1.5000000e+01
   2.4803300e+01   1.2080890e+02   1.5000000e+01
   2.4803100e+01   1.2080900e+02   1.3000000e+01
   2.4803000e+01   1.2080910e+02   1.3000000e+01
   2.4802900e+01   1.2080920e+02   1.0000000e+01
   2.4802700e+01   1.2080940e+02   1.0000000e+01
   2.4802600e+01   1.2080950e+02   1.1500000e+01
   2.4802500e+01   1.2080960e+02   1.3000000e+01
   2.4802400e+01   1.2080970e+02   1.3000000e+01
   2.4802300e+01   1.2080980e+02   1.4000000e+01
   2.4801700e+01   1.2081030e+02   1.4000000e+01
   2.4801600e+01   1.2081040e+02   1.2000000e+01
   2.4801500e+01   1.2081050e+02   8.0000000e+00
   2.4801400e+01   1.2081060e+02   8.0000000e+00
   2.4801300e+01   1.2081070e+02   9.0000000e+00
   2.4801200e+01   1.2081080e+02   7.0000000e+00
   2.4801100e+01   1.2081090e+02   7.0000000e+00
   2.4801000e+01   1.2081100e+02   8.0000000e+00
   2.4800700e+01   1.2081120e+02   8.0000000e+00
   2.4800600e+01   1.2081130e+02   7.0000000e+00
   2.4800500e+01   1.2081140e+02   6.0000000e+00
   2.4800400e+01   1.2081150e+02   8.0000000e+00
   2.4800200e+01   1.2081170e+02   8.0000000e+00
   2.4800100e+01   1.2081180e+02   1.0000000e+01
   2.4799600e+01   1.2081220e+02   1.0000000e+01
   2.4799500e+01   1.2081230e+02   8.0000000e+00
   2.4799400e+01   1.2081240e+02   8.0000000e+00
   2.4799300e+01   1.2081250e+02   6.0000000e+00
   2.4799100e+01   1.2081270e+02   6.0000000e+00
   2.4799000e+01   1.2081280e+02   8.0000000e+00
   2.4798800e+01   1.2081300e+02   8.0000000e+00
   2.4798600e+01   1.2081310e+02   1.0000000e+01
   2.4798500e+01   1.2081320e+02   1.0000000e+01
   2.4798400e+01   1.2081330e+02   9.0000000e+00
   2.4798300e+01   1.2081340e+02   1.0500000e+01
   2.4798200e+01   1.2081350e+02   1.2000000e+01
   2.4798100e+01   1.2081360e+02   9.0000000e+00
   2.4798000e+01   1.2081370e+02   9.0000000e+00
   2.4797900e+01   1.2081380e+02   6.0000000e+00
   2.4797700e+01   1.2081400e+02   6.0000000e+00
   2.4797600e+01   1.2081410e+02   7.0000000e+00
   2.4797400e+01   1.2081420e+02   6.0000000e+00
   2.4797300e+01   1.2081430e+02   7.0000000e+00
   2.4797100e+01   1.2081450e+02   7.0000000e+00
   2.4797000e+01   1.2081460e+02   8.0000000e+00
   2.4796900e+01   1.2081470e+02   8.0000000e+00
   2.4796800e+01   1.2081480e+02   5.0000000e+00
   2.4796700e+01   1.2081490e+02   7.0000000e+00
   2.4796600e+01   1.2081500e+02   7.0000000e+00
   2.4796500e+01   1.2081510e+02   8.0000000e+00
   2.4796300e+01   1.2081520e+02   8.0000000e+00
   2.4796200e+01   1.2081530e+02   1.0000000e+01
   2.4796100e+01   1.2081540e+02   8.0000000e+00
   2.4795700e+01   1.2081580e+02   8.0000000e+00
   2.4795600e+01   1.2081590e+02   9.0000000e+00
   2.4795500e+01   1.2081600e+02   9.0000000e+00
   2.4795400e+01   1.2081610e+02   7.0000000e+00
   2.4795200e+01   1.2081620e+02   7.0000000e+00
   2.4795100e+01   1.2081630e+02   9.0000000e+00
   2.4795000e+01   1.2081640e+02   9.0000000e+00
   2.4794900e+01   1.2081650e+02   1.1000000e+01
   2.4794800e+01   1.2081660e+02   1.1666667e+01
   2.4794700e+01   1.2081670e+02   1.2333333e+01
   2.4794600e+01   1.2081680e+02   1.3000000e+01
   2.4794500e+01   1.2081690e+02   1.5000000e+01
   2.4794400e+01   1.2081700e+02   1.5000000e+01
   2.4794300e+01   1.2081710e+02   1.6000000e+01
   2.4794200e+01   1.2081720e+02   1.6000000e+01
   2.4794000e+01   1.2081730e+02   1.8475387e+01
   2.4793900e+01   1.2081740e+02   2.0000000e+01
   2.4793800e+01   1.2081750e+02   2.0000000e+01
   2.4793700e+01   1.2081760e+02   1.4000000e+01
   2.4793500e+01   1.2081780e+02   1.4000000e+01
   2.4793400e+01   1.2081790e+02   9.0000000e+00
   2.4793200e+01   1.2081810e+02   9.0000000e+00
   2.4793100e+01   1.2081820e+02   4.0000000e+00
   2.4792900e+01   1.2081830e+02   5.0000000e+00
   2.4792800e+01   1.2081840e+02   5.0000000e+00
   2.4792700e+01   1.2081850e+02   4.0000000e+00
   2.4792500e+01   1.2081870e+02   4.0000000e+00
   2.4792400e+01   1.2081880e+02   5.0000000e+00
   2.4792100e+01   1.2081910e+02   5.0000000e+00
   2.4792000e+01   1.2081920e+02   4.0000000e+00
   2.4791800e+01   1.2081930e+02   0.0000000e+00
   2.4784500e+01   1.2081870e+02   0.0000000e+00
   2.4784700e+01   1.2081850e+02   3.3333333e+00
   2.4784800e+01   1.2081840e+02   5.0000000e+00
   2.4784900e+01   1.2081830e+02   0.0000000e+00
   2.4785000e+01   1.2081820e+02   1.6666667e+00
   2.4785100e+01   1.2081810e+02   3.3333333e+00
   2.4785200e+01   1.2081800e+02   5.0000000e+00
   2.4785500e+01   1.2081770e+02   5.0000000e+00
   2.4785600e+01   1.2081760e+02   7.0000000e+00
   2.4785700e+01   1.2081750e+02   9.0000000e+00
   2.4785900e+01   1.2081730e+02   1.3000000e+01
   2.4786000e+01   1.2081720e+02   1.5000000e+01
   2.4786200e+01   1.2081700e+02   1.5000000e+01
   2.4786300e+01   1.2081690e+02   1.4000000e+01
   2.4786400e+01   1.2081680e+02   1.4000000e+01
   2.4786500e+01   1.2081670e+02   1.5500000e+01
   2.4786600e+01   1.2081660e+02   1.7000000e+01
   2.4786800e+01   1.2081640e+02   1.7000000e+01
   2.4786900e+01   1.2081630e+02   1.3000000e+01
   2.4787000e+01   1.2081620e+02   1.3000000e+01
   2.4787100e+01   1.2081610e+02   1.5000000e+01
   2.4787200e+01   1.2081600e+02   1.5000000e+01
   2.4787300e+01   1.2081590e+02   1.4000000e+01
   2.4787400e+01   1.2081580e+02   1.2000000e+01
   2.4787600e+01   1.2081560e+02   1.2000000e+01
   2.4787700e+01   1.2081550e+02   1.3000000e+01
   2.4787900e+01   1.2081530e+02   1.3000000e+01
   2.4788000e+01   1.2081520e+02   1.2000000e+01
   2.4788100e+01   1.2081510e+02   1.2000000e+01
   2.4788200e+01   1.2081500e+02   1.4000000e+01
   2.4788400e+01   1.2081480e+02   1.4000000e+01
   2.4788500e+01   1.2081470e+02   1.3000000e+01
   2.4788700e+01   1.2081450e+02   1.3000000e+01
   2.4788800e+01   1.2081440e+02   1.1000000e+01
   2.4789000e+01   1.2081420e+02   1.1000000e+01
   2.4789100e+01   1.2081410e+02   9.0000000e+00
   2.4789400e+01   1.2081380e+02   9.0000000e+00
   2.4789500e+01   1.2081370e+02   1.0000000e+01
   2.4789600e+01   1.2081360e+02   1.1000000e+01
   2.4789800e+01   1.2081340e+02   1.1000000e+01
   2.4789900e+01   1.2081330e+02   1.2000000e+01
   2.4790200e+01   1.2081300e+02   1.2000000e+01
   2.4790300e+01   1.2081290e+02   1.4200000e+01
   2.4790400e+01   1.2081280e+02   1.6400000e+01
   2.4790500e+01   1.2081270e+02   1.8600000e+01
   2.4790600e+01   1.2081260e+02   2.0800000e+01
   2.4790700e+01   1.2081250e+02   2.3000000e+01
   2.4790900e+01   1.2081230e+02   2.3000000e+01
   2.4791000e+01   1.2081220e+02   2.0000000e+01
   2.4791100e+01   1.2081210e+02   2.0000000e+01
   2.4791200e+01   1.2081200e+02   1.4000000e+01
   2.4791300e+01   1.2081190e+02   1.2000000e+01
   2.4791500e+01   1.2081170e+02   1.2000000e+01
   2.4791600e+01   1.2081160e+02   1.1000000e+01
   2.4791800e+01   1.2081140e+02   1.1000000e+01
   2.4791900e+01   1.2081130e+02   7.0000000e+00
   2.4792000e+01   1.2081120e+02   8.0000000e+00
   2.4792300e+01   1.2081090e+02   8.0000000e+00
   2.4792400e+01   1.2081080e+02   9.0000000e+00
   2.4792600e+01   1.2081060e+02   9.0000000e+00
   2.4792700e+01   1.2081050e+02   1.0000000e+01
   2.4792800e+01   1.2081040e+02   1.0000000e+01
   2.4792900e+01   1.2081030e+02   9.0000000e+00
   2.4793000e+01   1.2081020e+02   1.1000000e+01
   2.4793100e+01   1.2081010e+02   1.1000000e+01
   2.4793200e+01   1.2081000e+02   1.0000000e+01
   2.4793600e+01   1.2080960e+02   1.0000000e+01
   2.4793800e+01   1.2080940e+02   6.0000000e+00
   2.4793900e+01   1.2080930e+02   6.0000000e+00
   2.4794100e+01   1.2080910e+02   9.0000000e+00
   2.4794300e+01   1.2080890e+02   9.0000000e+00
   2.4794400e+01   1.2080880e+02   1.0000000e+01
   2.4794800e+01   1.2080840e+02   1.0000000e+01
   2.4794900e+01   1.2080830e+02   8.0000000e+00
   2.4795000e+01   1.2080820e+02   8.0000000e+00
   2.4795100e+01   1.2080810e+02   1.0000000e+01
   2.4795200e+01   1.2080800e+02   1.2000000e+01
   2.4795300e+01   1.2080790e+02   1.4000000e+01
   2.4795400e+01   1.2080780e+02   1.6000000e+01
   2.4795500e+01   1.2080770e+02   1.8000000e+01
   2.4795600e+01   1.2080760e+02   2.0000000e+01
   2.4795700e+01   1.2080750e+02   2.2000000e+01
   2.4795900e+01   1.2080730e+02   2.2000000e+01
   2.4796000e+01   1.2080720e+02   2.3000000e+01
   2.4796200e+01   1.2080700e+02   2.3000000e+01
   2.4796300e+01   1.2080690e+02   1.7000000e+01
   2.4796500e+01   1.2080670e+02   1.7000000e+01
   2.4796600e+01   1.2080660e+02   1.6000000e+01
   2.4796700e+01   1.2080650e+02   1.6000000e+01
   2.4796800e+01   1.2080640e+02   1.5000000e+01
   2.4796900e+01   1.2080630e+02   1.0000000e+01
   2.4797000e+01   1.2080620e+02   1.0000000e+01
   2.4797100e+01   1.2080610e+02   9.0000000e+00
   2.4797300e+01   1.2080590e+02   9.0000000e+00
   2.4797400e+01   1.2080580e+02   7.0000000e+00
   2.4797600e+01   1.2080560e+02   7.0000000e+00
   2.4797700e+01   1.2080550e+02   8.0000000e+00
   2.4798100e+01   1.2080510e+02   8.0000000e+00
   2.4798200e+01   1.2080500e+02   9.0000000e+00
   2.4798700e+01   1.2080450e+02   9.0000000e+00
   2.4798800e+01   1.2080440e+02   8.0000000e+00
   2.4799200e+01   1.2080400e+02   8.0000000e+00
   2.4799300e+01   1.2080390e+02   9.0000000e+00
   2.4799400e+01   1.2080380e+02   8.0000000e+00
   2.4799500e+01   1.2080370e+02   8.0000000e+00
   2.4799600e+01   1.2080360e+02   9.0000000e+00
   2.4799700e+01   1.2080350e+02   9.0000000e+00
   2.4799800e+01   1.2080340e+02   6.0000000e+00
   2.4799900e+01   1.2080330e+02   8.0000000e+00
   2.4800100e+01   1.2080310e+02   8.0000000e+00
   2.4800200e+01   1.2080300e+02   7.0000000e+00
   2.4800400e+01   1.2080280e+02   7.0000000e+00
   2.4800600e+01   1.2080260e+02   1.1000000e+01
   2.4800700e+01   1.2080250e+02   1.0000000e+01
   2.4800800e+01   1.2080240e+02   1.1666667e+01
   2.4800900e+01   1.2080230e+02   1.3333333e+01
   2.4801000e+01   1.2080220e+02   1.5000000e+01
   2.4801200e+01   1.2080200e+02   1.5000000e+01
   2.4801300e+01   1.2080190e+02   1.2000000e+01
   2.4801400e+01   1.2080180e+02   1.2000000e+01
   2.4801500e+01   1.2080170e+02   7.0000000e+00
   2.4801600e+01   1.2080160e+02   6.0000000e+00
   2.4801700e+01   1.2080150e+02   6.0000000e+00
   2.4801800e+01   1.2080140e+02   7.7500000e+00
   2.4801900e+01   1.2080130e+02   9.5000000e+00
   2.4802000e+01   1.2080120e+02   1.1250000e+01
   2.4802100e+01   1.2080110e+02   1.3000000e+01
   2.4802300e+01   1.2080090e+02   1.3000000e+01
   2.4802400e+01   1.2080080e+02   7.0000000e+00
   2.4802600e+01   1.2080060e+02   7.0000000e+00
   2.4802700e+01   1.2080050e+02   9.0000000e+00
   2.4803100e+01   1.2080010e+02   9.0000000e+00
   2.4803200e+01   1.2080000e+02   1.0000000e+01
   2.4803400e+01   1.2079980e+02   1.0000000e+01
   2.4803500e+01   1.2079970e+02   8.0000000e+00
   2.4803700e+01   1.2079950e+02   8.0000000e+00
   2.4803800e+01   1.2079940e+02   9.0000000e+00
   2.4803900e+01   1.2079930e+02   9.0000000e+00
   2.4804000e+01   1.2079920e+02   1.0000000e+01
   2.4804100e+01   1.2079910e+02   8.0000000e+00
   2.4804300e+01   1.2079890e+02   8.0000000e+00
   2.4804400e+01   1.2079880e+02   7.0000000e+00
   2.4804500e+01   1.2079870e+02   8.0000000e+00
   2.4804600e+01   1.2079860e+02   7.0000000e+00
   2.4804800e+01   1.2079840e+02   7.0000000e+00
   2.4804900e+01   1.2079830e+02   8.0000000e+00
   2.4805100e+01   1.2079810e+02   8.0000000e+00
   2.4805200e+01   1.2079800e+02   1.0000000e+01
   2.4805600e+01   1.2079760e+02   1.0000000e+01
   2.4805700e+01   1.2079750e+02   1.1000000e+01
   2.4805900e+01   1.2079730e+02   1.1000000e+01
   2.4806000e+01   1.2079720e+02   1.0000000e+01
   2.4806100e+01   1.2079710e+02   1.0000000e+01
   2.4806200e+01   1.2079700e+02   9.0000000e+00
   2.4806300e+01   1.2079690e+02   1.1000000e+01
   2.4806500e+01   1.2079670e+02   1.1000000e+01
   2.4806600e+01   1.2079660e+02   8.0000000e+00
   2.4806800e+01   1.2079640e+02   8.0000000e+00
   2.4806900e+01   1.2079630e+02   7.0000000e+00
   2.4807100e+01   1.2079610e+02   7.0000000e+00
   2.4807400e+01   1.2079580e+02   1.3000000e+01
   2.4807500e+01   1.2079570e+02   1.3000000e+01
   2.4807600e+01   1.2079560e+02   1.4500000e+01
   2.4807700e+01   1.2079550e+02   1.6000000e+01
   2.4807800e+01   1.2079540e+02   1.6000000e+01
   2.4807900e+01   1.2079530e+02   1.6500000e+01
   2.4808000e+01   1.2079520e+02   1.7000000e+01
   2.4808100e+01   1.2079510e+02   1.7000000e+01
   2.4808200e+01   1.2079500e+02   1.3000000e+01
   2.4808400e+01   1.2079480e+02   1.3000000e+01
   2.4808500e+01   1.2079470e+02   8.0000000e+00
   2.4808700e+01   1.2079450e+02   8.0000000e+00
   2.4808800e+01   1.2079440e+02   9.0000000e+00
   2.4809000e+01   1.2079420e+02   9.0000000e+00
   2.4809100e+01   1.2079410e+02   1.0000000e+01
   2.4809300e+01   1.2079390e+02   1.0000000e+01
   2.4809400e+01   1.2079380e+02   1.2000000e+01
   2.4809500e+01   1.2079370e+02   1.2000000e+01
   2.4809600e+01   1.2079360e+02   1.2750000e+01
   2.4809700e+01   1.2079350e+02   1.3500000e+01
   2.4809900e+01   1.2079330e+02   1.5000000e+01
   2.4810100e+01   1.2079310e+02   1.5000000e+01
   2.4810200e+01   1.2079300e+02   1.2000000e+01
   2.4810300e+01   1.2079290e+02   1.2000000e+01
   2.4810400e+01   1.2079280e+02   1.3000000e+01
   2.4810500e+01   1.2079270e+02   1.2000000e+01
   2.4810600e+01   1.2079260e+02   1.2000000e+01
   2.4810700e+01   1.2079250e+02   9.0000000e+00
   2.4810800e+01   1.2079240e+02   9.0000000e+00
   2.4810900e+01   1.2079230e+02   1.0000000e+01
   2.4811000e+01   1.2079220e+02   1.1000000e+01
   2.4811200e+01   1.2079200e+02   1.1000000e+01
   2.4811300e+01   1.2079190e+02   1.3000000e+01
   2.4811700e+01   1.2079150e+02   1.3000000e+01
   2.4811800e+01   1.2079140e+02   1.1000000e+01
   2.4811900e+01   1.2079130e+02   9.0000000e+00
   2.4812000e+01   1.2079120e+02   9.0000000e+00
   2.4812100e+01   1.2079110e+02   8.0000000e+00
   2.4812300e+01   1.2079090e+02   8.0000000e+00
   2.4812400e+01   1.2079080e+02   7.0000000e+00
   2.4812600e+01   1.2079060e+02   7.0000000e+00
   2.4812700e+01   1.2079050e+02   6.0000000e+00
   2.4812900e+01   1.2079030e+02   6.0000000e+00
   2.4813000e+01   1.2079020e+02   4.0000000e+00
   2.4813100e+01   1.2079010e+02   6.0000000e+00
   2.4813200e+01   1.2079000e+02   8.0000000e+00
   2.4813700e+01   1.2078950e+02   8.0000000e+00
   2.4813800e+01   1.2078940e+02   7.0000000e+00
   2.4814000e+01   1.2078920e+02   7.0000000e+00
   2.4814100e+01   1.2078910e+02   8.0000000e+00
   2.4814200e+01   1.2078900e+02   8.0000000e+00
   2.4814300e+01   1.2078890e+02   7.0000000e+00
   2.4814400e+01   1.2078880e+02   8.0000000e+00
   2.4814500e+01   1.2078870e+02   8.0000000e+00
   2.4814600e+01   1.2078860e+02   9.0000000e+00
   2.4815100e+01   1.2078810e+02   9.0000000e+00
   2.4815200e+01   1.2078800e+02   8.0000000e+00
   2.4815400e+01   1.2078780e+02   8.0000000e+00
   2.4815500e+01   1.2078770e+02   1.0242902e+01
   2.4815600e+01   1.2078760e+02   1.2485804e+01
   2.4815700e+01   1.2078750e+02   1.4728707e+01
   2.4815800e+01   1.2078740e+02   1.6971609e+01
   2.4816000e+01   1.2078720e+02   2.1457413e+01
   2.4816100e+01   1.2078710e+02   2.3700315e+01
   2.4816300e+01   1.2078690e+02   2.8186120e+01
   2.4816400e+01   1.2078680e+02   3.0429022e+01
   2.4816500e+01   1.2078670e+02   3.2671924e+01
   2.4816600e+01   1.2078660e+02   3.4914826e+01
   2.4816900e+01   1.2078630e+02   4.1643533e+01
   2.4817000e+01   1.2078620e+02   4.3886435e+01
   2.4817100e+01   1.2078610e+02   4.6129338e+01
   2.4817300e+01   1.2078590e+02   5.0615142e+01
   2.4817400e+01   1.2078580e+02   5.2858044e+01
   2.4817500e+01   1.2078570e+02   5.5100946e+01
   2.4817600e+01   1.2078560e+02   5.7343849e+01
   2.4817700e+01   1.2078550e+02   5.9586751e+01
   2.4817800e+01   1.2078540e+02   6.1829653e+01
   2.4817900e+01   1.2078530e+02   6.4072555e+01
   2.4818100e+01   1.2078510e+02   6.8558360e+01
   2.4818200e+01   1.2078500e+02   7.0801262e+01
   2.4818300e+01   1.2078490e+02   7.3044164e+01
   2.4818400e+01   1.2078480e+02   7.5287066e+01
   2.4818500e+01   1.2078470e+02   7.7529968e+01
   2.4818600e+01   1.2078460e+02   7.9772871e+01
   2.4818700e+01   1.2078450e+02   8.2015773e+01
   2.4818800e+01   1.2078440e+02   8.4258675e+01
   2.4818900e+01   1.2078430e+02   8.6501577e+01
   2.4819000e+01   1.2078420e+02   8.8744479e+01
   2.4819100e+01   1.2078410e+02   9.0987382e+01
   2.4819200e+01   1.2078400e+02   9.3230284e+01
   2.4819300e+01   1.2078390e+02   9.5473186e+01
   2.4819500e+01   1.2078370e+02   9.9958991e+01
   2.4819600e+01   1.2078360e+02   1.0220189e+02
   2.4819700e+01   1.2078350e+02   1.0444479e+02
   2.4819900e+01   1.2078330e+02   1.0893060e+02
   2.4820000e+01   1.2078320e+02   1.1117350e+02
   2.4820100e+01   1.2078310e+02   1.1341640e+02
   2.4820200e+01   1.2078300e+02   1.1565931e+02
   2.4820300e+01   1.2078290e+02   1.1790221e+02
   2.4820400e+01   1.2078280e+02   1.2014511e+02
   2.4820600e+01   1.2078260e+02   1.2463091e+02
   2.4820700e+01   1.2078250e+02   1.2687382e+02
   2.4820800e+01   1.2078240e+02   1.2911672e+02
   2.4820900e+01   1.2078230e+02   1.3135962e+02
   2.4821000e+01   1.2078220e+02   1.3360252e+02
   2.4821100e+01   1.2078210e+02   1.3584543e+02
   2.4821200e+01   1.2078200e+02   1.3808833e+02
   2.4821300e+01   1.2078190e+02   1.4033123e+02
   2.4821600e+01   1.2078160e+02   1.4705994e+02
   2.4821700e+01   1.2078150e+02   1.4930284e+02
   2.4821800e+01   1.2078140e+02   1.5154574e+02
   2.4822000e+01   1.2078120e+02   1.5603155e+02
   2.4822100e+01   1.2078110e+02   1.5827445e+02
   2.4822200e+01   1.2078100e+02   1.6051735e+02
   2.4822400e+01   1.2078080e+02   1.6500315e+02
   2.4822500e+01   1.2078070e+02   1.6724606e+02
   2.4822600e+01   1.2078060e+02   1.6948896e+02
   2.4822800e+01   1.2078040e+02   1.7397476e+02
   2.4822900e+01   1.2078030e+02   1.7621767e+02
   2.4823000e+01   1.2078020e+02   1.7846057e+02
   2.4823100e+01   1.2078010e+02   1.8070347e+02
   2.4823200e+01   1.2078000e+02   1.8294637e+02
   2.4823300e+01   1.2077990e+02   1.8518927e+02
   2.4823400e+01   1.2077980e+02   1.8743218e+02
   2.4823600e+01   1.2077960e+02   1.9191798e+02
   2.4823700e+01   1.2077950e+02   1.9416088e+02
   2.4823800e+01   1.2077940e+02   1.9640379e+02
   2.4824000e+01   1.2077920e+02   2.0088959e+02
   2.4824100e+01   1.2077910e+02   2.0313249e+02
   2.4824200e+01   1.2077900e+02   2.0537539e+02
   2.4824300e+01   1.2077890e+02   2.0761830e+02
   2.4824400e+01   1.2077880e+02   2.0986120e+02
   2.4824500e+01   1.2077870e+02   2.1210410e+02
   2.4824600e+01   1.2077860e+02   2.1434700e+02
   2.4824700e+01   1.2077850e+02   2.1658991e+02
   2.4824800e+01   1.2077840e+02   2.1883281e+02
   2.4824900e+01   1.2077830e+02   2.2107571e+02
   2.4825000e+01   1.2077820e+02   2.2331861e+02
   2.4825100e+01   1.2077810e+02   2.2556151e+02
   2.4825300e+01   1.2077790e+02   2.3004732e+02
   2.4825400e+01   1.2077780e+02   2.3229022e+02
   2.4825500e+01   1.2077770e+02   2.3453312e+02
   2.4825600e+01   1.2077760e+02   2.3677603e+02
   2.4825700e+01   1.2077750e+02   2.3901893e+02
   2.4825800e+01   1.2077740e+02   2.4126183e+02
   2.4825900e+01   1.2077730e+02   2.4350473e+02
   2.4826000e+01   1.2077720e+02   2.4574763e+02
   2.4826100e+01   1.2077710e+02   2.4799054e+02
   2.4826200e+01   1.2077700e+02   2.5023344e+02
   2.4826300e+01   1.2077690e+02   2.5247634e+02
   2.4826400e+01   1.2077680e+02   2.5471924e+02
   2.4826500e+01   1.2077670e+02   2.5696215e+02
   2.4826700e+01   1.2077650e+02   2.6144795e+02
   2.4826800e+01   1.2077640e+02   2.6369085e+02
   2.4826900e+01   1.2077630e+02   2.6593375e+02
   2.4827000e+01   1.2077620e+02   2.6817666e+02
   2.4827200e+01   1.2077600e+02   2.7266246e+02
   2.4827300e+01   1.2077590e+02   2.7490536e+02
   2.4827500e+01   1.2077570e+02   2.7939117e+02
   2.4827600e+01   1.2077560e+02   2.8163407e+02
   2.4827700e+01   1.2077550e+02   2.8387697e+02
   2.4827800e+01   1.2077540e+02   2.8611987e+02
   2.4828000e+01   1.2077520e+02   2.9060568e+02
   2.4828100e+01   1.2077510e+02   2.9284858e+02
   2.4828200e+01   1.2077500e+02   2.9509148e+02
   2.4828300e+01   1.2077490e+02   2.9733438e+02
   2.4828400e+01   1.2077480e+02   2.9957729e+02
   2.4828500e+01   1.2077470e+02   3.0182019e+02
   2.4828600e+01   1.2077460e+02   3.0406309e+02
   2.4828800e+01   1.2077440e+02   3.0854890e+02
   2.4828900e+01   1.2077430e+02   3.1079180e+02
   2.4829000e+01   1.2077420e+02   3.1303470e+02
   2.4829100e+01   1.2077410e+02   3.1527760e+02
   2.4829200e+01   1.2077400e+02   3.1752050e+02
   2.4829300e+01   1.2077390e+02   3.1976341e+02
   2.4829400e+01   1.2077380e+02   3.2200631e+02
   2.4829600e+01   1.2077360e+02   3.2649211e+02
   2.4829700e+01   1.2077350e+02   3.2873502e+02
   2.4829800e+01   1.2077340e+02   3.3097792e+02
   2.4829900e+01   1.2077330e+02   3.3322082e+02
   2.4830100e+01   1.2077310e+02   3.3770662e+02
   2.4830200e+01   1.2077300e+02   3.3994953e+02
   2.4830300e+01   1.2077290e+02   3.4219243e+02
   2.4830400e+01   1.2077280e+02   3.4443533e+02
   2.4830500e+01   1.2077270e+02   3.4667823e+02
   2.4830600e+01   1.2077260e+02   3.4892114e+02
   2.4830700e+01   1.2077250e+02   3.5116404e+02
   2.4830800e+01   1.2077240e+02   3.5340694e+02
   2.4830900e+01   1.2077230e+02   3.5564984e+02
   2.4831000e+01   1.2077220e+02   3.5789274e+02
   2.4831100e+01   1.2077210e+02   3.6013565e+02
   2.4831200e+01   1.2077200e+02   3.6237855e+02
   2.4831300e+01   1.2077190e+02   3.6462145e+02
   2.4831400e+01   1.2077180e+02   3.6686435e+02
   2.4831500e+01   1.2077170e+02   3.6910726e+02
   2.4831700e+01   1.2077150e+02   3.7359306e+02
   2.4831800e+01   1.2077140e+02   3.7583596e+02
   2.4831900e+01   1.2077130e+02   3.7807886e+02
   2.4832000e+01   1.2077120e+02   3.8032177e+02
   2.4832200e+01   1.2077100e+02   3.8480757e+02
   2.4832300e+01   1.2077090e+02   3.8705047e+02
   2.4832400e+01   1.2077080e+02   3.8929338e+02
   2.4832500e+01   1.2077070e+02   3.9153628e+02
   2.4832600e+01   1.2077060e+02   3.9377918e+02
   2.4832700e+01   1.2077050e+02   3.9602208e+02
   2.4832800e+01   1.2077040e+02   3.9826498e+02
   2.4833000e+01   1.2077020e+02   4.0275079e+02
   2.4833100e+01   1.2077010e+02   4.0499369e+02
   2.4833200e+01   1.2077000e+02   4.0723659e+02
   2.4833300e+01   1.2076990e+02   4.0947950e+02
   2.4833400e+01   1.2076980e+02   4.1172240e+02
   2.4833600e+01   1.2076960e+02   4.1620820e+02
   2.4833700e+01   1.2076950e+02   4.1845110e+02
   2.4833800e+01   1.2076940e+02   4.2069401e+02
   2.4833900e+01   1.2076930e+02   4.2293691e+02
   2.4834000e+01   1.2076920e+02   4.2517981e+02
   2.4834100e+01   1.2076910e+02   4.2742271e+02
   2.4834200e+01   1.2076900e+02   4.2966562e+02
   2.4834400e+01   1.2076880e+02   4.3415142e+02
   2.4834500e+01   1.2076870e+02   4.3639432e+02
   2.4834600e+01   1.2076860e+02   4.3863722e+02
   2.4834700e+01   1.2076850e+02   4.4088013e+02
   2.4834900e+01   1.2076830e+02   4.4536593e+02
   2.4835000e+01   1.2076820e+02   4.4760883e+02
   2.4835200e+01   1.2076800e+02   4.5209464e+02
   2.4835300e+01   1.2076790e+02   4.5433754e+02
   2.4835400e+01   1.2076780e+02   4.5658044e+02
   2.4835500e+01   1.2076770e+02   4.5882334e+02
   2.4835700e+01   1.2076750e+02   4.6330915e+02
   2.4835800e+01   1.2076740e+02   4.6555205e+02
   2.4835900e+01   1.2076730e+02   4.6779495e+02
   2.4836000e+01   1.2076720e+02   4.7003785e+02
   2.4836200e+01   1.2076700e+02   4.7452366e+02
   2.4836300e+01   1.2076690e+02   4.7676656e+02
   2.4836500e+01   1.2076670e+02   4.8125237e+02
   2.4836600e+01   1.2076660e+02   4.8349527e+02
   2.4836700e+01   1.2076650e+02   4.8573817e+02
   2.4836800e+01   1.2076640e+02   4.8798107e+02
   2.4836900e+01   1.2076630e+02   4.9022397e+02
   2.4837000e+01   1.2076620e+02   4.9246688e+02
   2.4837100e+01   1.2076610e+02   4.9470978e+02
   2.4837300e+01   1.2076590e+02   4.9919558e+02
   2.4837400e+01   1.2076580e+02   5.0143849e+02
   2.4837500e+01   1.2076570e+02   5.0368139e+02
   2.4837600e+01   1.2076560e+02   5.0592429e+02
   2.4837800e+01   1.2076540e+02   5.1041009e+02
   2.4837900e+01   1.2076530e+02   5.1265300e+02
   2.4838000e+01   1.2076520e+02   5.1489590e+02
   2.4838100e+01   1.2076510e+02   5.1713880e+02
   2.4838200e+01   1.2076500e+02   5.1938170e+02
   2.4838300e+01   1.2076490e+02   5.2162461e+02
   2.4838400e+01   1.2076480e+02   5.2386751e+02
   2.4838500e+01   1.2076470e+02   5.2611041e+02
   2.4838600e+01   1.2076460e+02   5.2835331e+02
   2.4838700e+01   1.2076450e+02   5.3059621e+02
   2.4838800e+01   1.2076440e+02   5.3283912e+02
   2.4839000e+01   1.2076420e+02   5.3732492e+02
   2.4839100e+01   1.2076410e+02   5.3956782e+02
   2.4839200e+01   1.2076400e+02   5.4181073e+02
   2.4839300e+01   1.2076390e+02   5.4405363e+02
   2.4839600e+01   1.2076360e+02   5.5078233e+02
   2.4839700e+01   1.2076350e+02   5.5302524e+02
   2.4839900e+01   1.2076330e+02   5.5751104e+02
   2.4840000e+01   1.2076320e+02   5.5975394e+02
   2.4840100e+01   1.2076310e+02   5.6199685e+02
   2.4840300e+01   1.2076290e+02   5.6648265e+02
   2.4840400e+01   1.2076280e+02   5.6872555e+02
   2.4840500e+01   1.2076270e+02   5.7096845e+02
   2.4840900e+01   1.2076230e+02   5.7994006e+02
   2.4841000e+01   1.2076220e+02   5.8218297e+02
   2.4841300e+01   1.2076190e+02   5.8891167e+02
   2.4841400e+01   1.2076180e+02   5.9115457e+02
   2.4841500e+01   1.2076170e+02   5.9339748e+02
   2.4841700e+01   1.2076150e+02   5.9788328e+02
   2.4841800e+01   1.2076140e+02   6.0012618e+02
   2.4842100e+01   1.2076110e+02   6.0685489e+02
   2.4842200e+01   1.2076100e+02   6.0909779e+02
   2.4842300e+01   1.2076090e+02   6.1134069e+02
   2.4842600e+01   1.2076060e+02   6.1806940e+02
   2.4842700e+01   1.2076050e+02   6.2031230e+02
   2.4842800e+01   1.2076040e+02   6.2255521e+02
   2.4843000e+01   1.2076020e+02   6.2704101e+02
   2.4843100e+01   1.2076010e+02   6.2928391e+02
   2.4843400e+01   1.2075980e+02   6.3601262e+02
   2.4843500e+01   1.2075970e+02   6.3825552e+02
   2.4843600e+01   1.2075960e+02   6.4049842e+02
   2.4843900e+01   1.2075930e+02   6.4722713e+02
   2.4844000e+01   1.2075920e+02   6.4947003e+02
   2.4844100e+01   1.2075910e+02   6.5171293e+02
   2.4844300e+01   1.2075890e+02   6.5619874e+02
   2.4844400e+01   1.2075880e+02   6.5844164e+02
   2.4844500e+01   1.2075870e+02   6.6068454e+02
   2.4844600e+01   1.2075860e+02   6.6292744e+02
   2.4844700e+01   1.2075850e+02   6.6517035e+02
   2.4844800e+01   1.2075840e+02   6.6741325e+02
   2.4844900e+01   1.2075830e+02   6.6965615e+02
   2.4845100e+01   1.2075810e+02   6.7414196e+02
   2.4845200e+01   1.2075800e+02   6.7638486e+02
   2.4845400e+01   1.2075780e+02   6.8087066e+02
   2.4845500e+01   1.2075770e+02   6.8311356e+02
   2.4845600e+01   1.2075760e+02   6.8535647e+02
   2.4845700e+01   1.2075750e+02   6.8759937e+02
   2.4845900e+01   1.2075730e+02   6.9208517e+02
   2.4846000e+01   1.2075720e+02   6.9432808e+02
   2.4846100e+01   1.2075710e+02   6.9657098e+02
   2.4846200e+01   1.2075700e+02   6.9881388e+02
   2.4846300e+01   1.2075690e+02   7.0105678e+02
   2.4846400e+01   1.2075680e+02   7.0329968e+02
   2.4846500e+01   1.2075670e+02   7.0554259e+02
   2.4846700e+01   1.2075650e+02   7.1002839e+02
   2.4846800e+01   1.2075640e+02   7.1227129e+02
   2.4846900e+01   1.2075630e+02   7.1451420e+02
   2.4847000e+01   1.2075620e+02   7.1675710e+02
   2.4847100e+01   1.2075610e+02   7.1900000e+02
   2.4847200e+01   1.2075600e+02   7.1900000e+02
   2.4847300e+01   1.2075590e+02   7.2000000e+02
   2.4847400e+01   1.2075580e+02   7.2157143e+02
   2.4847500e+01   1.2075570e+02   7.2314286e+02
   2.4847600e+01   1.2075560e+02   7.2471429e+02
   2.4847700e+01   1.2075550e+02   7.2692857e+02
   2.4847800e+01   1.2075540e+02   7.2914286e+02
   2.4847900e+01   1.2075530e+02   7.3135714e+02
   2.4848100e+01   1.2075510e+02   7.3578571e+02
   2.4848200e+01   1.2075500e+02   7.3800000e+02
   2.4848300e+01   1.2075490e+02   7.4016667e+02
   2.4848400e+01   1.2075480e+02   7.4233333e+02
   2.4848500e+01   1.2075470e+02   7.4450000e+02
   2.4848600e+01   1.2075460e+02   7.4666667e+02
   2.4848700e+01   1.2075450e+02   7.4883333e+02
   2.4848800e+01   1.2075440e+02   7.5100000e+02
   2.4848900e+01   1.2075430e+02   7.5100000e+02
   2.4849000e+01   1.2075420e+02   7.4000000e+02
   2.4849100e+01   1.2075410e+02   7.3700000e+02
   2.4849300e+01   1.2075390e+02   7.3700000e+02
   2.4849400e+01   1.2075380e+02   7.3920000e+02
   2.4849500e+01   1.2075370e+02   7.4140000e+02
   2.4849600e+01   1.2075360e+02   7.4360000e+02
   2.4849700e+01   1.2075350e+02   7.4580000e+02
   2.4849800e+01   1.2075340e+02   7.4800000e+02
   2.4849900e+01   1.2075330e+02   7.4100000e+02
   2.4850100e+01   1.2075310e+02   7.4100000e+02
   2.4850300e+01   1.2075290e+02   7.4462791e+02
   2.4850400e+01   1.2075280e+02   7.4644186e+02
   2.4850600e+01   1.2075260e+02   7.5006977e+02
   2.4850700e+01   1.2075250e+02   7.5188372e+02
   2.4850800e+01   1.2075240e+02   7.5369767e+02
   2.4851100e+01   1.2075210e+02   7.5913953e+02
   2.4851200e+01   1.2075200e+02   7.6095349e+02
   2.4851600e+01   1.2075160e+02   7.6820930e+02
   2.4851700e+01   1.2075150e+02   7.7002326e+02
   2.4852000e+01   1.2075120e+02   7.7546512e+02
   2.4852100e+01   1.2075110e+02   7.7727907e+02
   2.4852200e+01   1.2075100e+02   7.7909302e+02
   2.4852400e+01   1.2075080e+02   7.8272093e+02
   2.4852500e+01   1.2075070e+02   7.8453488e+02
   2.4852800e+01   1.2075040e+02   7.8997674e+02
   2.4852900e+01   1.2075030e+02   7.9179070e+02
   2.4853300e+01   1.2074990e+02   7.9904651e+02
   2.4853400e+01   1.2074980e+02   8.0086047e+02
   2.4853500e+01   1.2074970e+02   8.0267442e+02
   2.4853600e+01   1.2074960e+02   8.0490698e+02
   2.4853700e+01   1.2074950e+02   8.0713953e+02
   2.4853800e+01   1.2074940e+02   8.0937209e+02
   2.4853900e+01   1.2074930e+02   8.1160465e+02
   2.4854100e+01   1.2074910e+02   8.1606977e+02
   2.4854200e+01   1.2074900e+02   8.1830233e+02
   2.4854300e+01   1.2074890e+02   8.2053488e+02
   2.4854400e+01   1.2074880e+02   8.2276744e+02
   2.4854500e+01   1.2074870e+02   8.2500000e+02
   2.4854600e+01   1.2074860e+02   8.2700000e+02
   2.4854700e+01   1.2074850e+02   8.2900000e+02
   2.4854900e+01   1.2074830e+02   8.3300000e+02
   2.4855000e+01   1.2074820e+02   8.3300000e+02
   2.4855100e+01   1.2074810e+02   8.3450000e+02
   2.4855200e+01   1.2074800e+02   8.3600000e+02
   2.4855400e+01   1.2074780e+02   8.3900000e+02
   2.4855500e+01   1.2074770e+02   8.4100000e+02
   2.4855600e+01   1.2074760e+02   8.4100000e+02
   2.4855700e+01   1.2074750e+02   8.4200000e+02
   2.4855900e+01   1.2074730e+02   8.4200000e+02
   2.4856000e+01   1.2074720e+02   8.3100000e+02
   2.4856100e+01   1.2074710e+02   8.3100000e+02
   2.4856200e+01   1.2074700e+02   8.2400000e+02
   2.4856300e+01   1.2074690e+02   8.2200000e+02
   2.4856500e+01   1.2074670e+02   8.2200000e+02
   2.4856600e+01   1.2074660e+02   8.1500000e+02
   2.4856800e+01   1.2074640e+02   8.1500000e+02
   2.4856900e+01   1.2074630e+02   8.0300000e+02
   2.4857000e+01   1.2074620e+02   8.0300000e+02
   2.4857100e+01   1.2074610e+02   7.9200000e+02
   2.4857300e+01   1.2074590e+02   7.9200000e+02
   2.4857400e+01   1.2074580e+02   7.8000000e+02
   2.4857500e+01   1.2074570e+02   7.8000000e+02
   2.4857600e+01   1.2074560e+02   7.7900000e+02
   2.4857700e+01   1.2074550e+02   7.7100000e+02
   2.4857900e+01   1.2074530e+02   7.7100000e+02
   2.4858000e+01   1.2074520e+02   7.6000000e+02
   2.4858100e+01   1.2074510e+02   7.6000000e+02
   2.4858200e+01   1.2074500e+02   7.4800000e+02
   2.4858300e+01   1.2074490e+02   7.4800000e+02
   2.4858400e+01   1.2074480e+02   7.4600000e+02
   2.4858500e+01   1.2074470e+02   7.3600000e+02
   2.4858700e+01   1.2074450e+02   7.3600000e+02
   2.4858800e+01   1.2074440e+02   7.2300000e+02
   2.4859000e+01   1.2074420e+02   7.2300000e+02
   2.4859100e+01   1.2074410e+02   7.1100000e+02
   2.4859300e+01   1.2074390e+02   7.1100000e+02
   2.4859400e+01   1.2074380e+02   7.0200000e+02
   2.4859500e+01   1.2074370e+02   7.0200000e+02
   2.4859600e+01   1.2074360e+02   6.9500000e+02
   2.4859800e+01   1.2074340e+02   6.9500000e+02
   2.4859900e+01   1.2074330e+02   6.8800000e+02
   2.4860000e+01   1.2074320e+02   6.8800000e+02
   2.4860100e+01   1.2074310e+02   6.8900000e+02
   2.4860200e+01   1.2074300e+02   6.7600000e+02
   2.4860400e+01   1.2074280e+02   6.7600000e+02
   2.4860500e+01   1.2074270e+02   6.6200000e+02
   2.4860600e+01   1.2074260e+02   6.6000000e+02
   2.4860700e+01   1.2074250e+02   6.4600000e+02
   2.4860900e+01   1.2074230e+02   6.4600000e+02
   2.4861000e+01   1.2074220e+02   6.4818367e+02
   2.4861100e+01   1.2074210e+02   6.5036735e+02
   2.4861300e+01   1.2074190e+02   6.5473469e+02
   2.4861400e+01   1.2074180e+02   6.5691837e+02
   2.4861500e+01   1.2074170e+02   6.5910204e+02
   2.4861800e+01   1.2074140e+02   6.6565306e+02
   2.4861900e+01   1.2074130e+02   6.6783673e+02
   2.4862300e+01   1.2074090e+02   6.7657143e+02
   2.4862400e+01   1.2074080e+02   6.7875510e+02
   2.4862500e+01   1.2074070e+02   6.8093878e+02
   2.4862600e+01   1.2074060e+02   6.8312245e+02
   2.4862700e+01   1.2074050e+02   6.8530612e+02
   2.4862800e+01   1.2074040e+02   6.8748980e+02
   2.4862900e+01   1.2074030e+02   6.8967347e+02
   2.4863100e+01   1.2074010e+02   6.9404082e+02
   2.4863200e+01   1.2074000e+02   6.9622449e+02
   2.4863300e+01   1.2073990e+02   6.9840816e+02
   2.4863400e+01   1.2073980e+02   7.0059184e+02
   2.4863500e+01   1.2073970e+02   7.0277551e+02
   2.4863600e+01   1.2073960e+02   7.0495918e+02
   2.4863700e+01   1.2073950e+02   7.0714286e+02
   2.4864000e+01   1.2073920e+02   7.1369388e+02
   2.4864100e+01   1.2073910e+02   7.1587755e+02
   2.4864300e+01   1.2073890e+02   7.2024490e+02
   2.4864400e+01   1.2073880e+02   7.2242857e+02
   2.4864500e+01   1.2073870e+02   7.2461224e+02
   2.4864800e+01   1.2073840e+02   7.3116327e+02
   2.4864900e+01   1.2073830e+02   7.3334694e+02
   2.4865300e+01   1.2073790e+02   7.4208163e+02
   2.4865400e+01   1.2073780e+02   7.4426531e+02
   2.4865500e+01   1.2073770e+02   7.4651057e+02
   2.4865600e+01   1.2073760e+02   7.4875583e+02
   2.4865700e+01   1.2073750e+02   7.5100109e+02
   2.4865800e+01   1.2073740e+02   7.5324636e+02
   2.4865900e+01   1.2073730e+02   7.5549162e+02
   2.4866000e+01   1.2073720e+02   7.5773688e+02
   2.4866100e+01   1.2073710e+02   7.5998214e+02
   2.4866200e+01   1.2073700e+02   7.6222741e+02
   2.4866300e+01   1.2073690e+02   7.6447267e+02
   2.4866400e+01   1.2073680e+02   7.6671793e+02
   2.4866500e+01   1.2073670e+02   7.6896319e+02
   2.4866600e+01   1.2073660e+02   7.7120845e+02
   2.4866700e+01   1.2073650e+02   7.7345372e+02
   2.4866800e+01   1.2073640e+02   7.7569898e+02
   2.4867000e+01   1.2073620e+02   7.8018950e+02
   2.4867100e+01   1.2073610e+02   7.8243477e+02
   2.4867200e+01   1.2073600e+02   7.8468003e+02
   2.4867300e+01   1.2073590e+02   7.8692529e+02
   2.4867400e+01   1.2073580e+02   7.8917055e+02
   2.4867500e+01   1.2073570e+02   7.9141582e+02
   2.4867600e+01   1.2073560e+02   7.9366108e+02
   2.4867700e+01   1.2073550e+02   7.9590634e+02
   2.4867800e+01   1.2073540e+02   7.9815160e+02
   2.4867900e+01   1.2073530e+02   8.0039687e+02
   2.4868000e+01   1.2073520e+02   8.0264213e+02
   2.4868100e+01   1.2073510e+02   8.0488739e+02
   2.4868300e+01   1.2073490e+02   8.0937792e+02
   2.4868400e+01   1.2073480e+02   8.1162318e+02
   2.4868600e+01   1.2073460e+02   8.1611370e+02
   2.4868700e+01   1.2073450e+02   8.1835897e+02
   2.4868800e+01   1.2073440e+02   8.2060423e+02
   2.4868900e+01   1.2073430e+02   8.2284949e+02
   2.4869000e+01   1.2073420e+02   8.2509475e+02
   2.4869100e+01   1.2073410e+02   8.2734001e+02
   2.4869200e+01   1.2073400e+02   8.2958528e+02
   2.4869300e+01   1.2073390e+02   8.3183054e+02
   2.4869500e+01   1.2073370e+02   8.3632106e+02
   2.4869600e+01   1.2073360e+02   8.3856633e+02
   2.4869700e+01   1.2073350e+02   8.4081159e+02
   2.4869900e+01   1.2073330e+02   8.4530211e+02
   2.4870000e+01   1.2073320e+02   8.4754738e+02
   2.4870100e+01   1.2073310e+02   8.4979264e+02
   2.4870300e+01   1.2073290e+02   8.5428316e+02
   2.4870400e+01   1.2073280e+02   8.5652843e+02
   2.4870500e+01   1.2073270e+02   8.5877369e+02
   2.4870700e+01   1.2073250e+02   8.6326421e+02
   2.4870800e+01   1.2073240e+02   8.6550948e+02
   2.4870900e+01   1.2073230e+02   8.6775474e+02
   2.4871000e+01   1.2073220e+02   8.7000000e+02
   2.4871200e+01   1.2073200e+02   8.7400000e+02
   2.4871300e+01   1.2073190e+02   8.7300000e+02
   2.4871500e+01   1.2073170e+02   8.7300000e+02
   2.4871600e+01   1.2073160e+02   8.6300000e+02
   2.4871800e+01   1.2073140e+02   8.6300000e+02
   2.4871900e+01   1.2073130e+02   8.4800000e+02
   2.4872000e+01   1.2073120e+02   8.4800000e+02
   2.4872100e+01   1.2073110e+02   8.2900000e+02
   2.4872300e+01   1.2073090e+02   8.2900000e+02
   2.4872400e+01   1.2073080e+02   8.1000000e+02
   2.4872600e+01   1.2073060e+02   8.1000000e+02
   2.4872700e+01   1.2073050e+02   7.9000000e+02
   2.4872800e+01   1.2073040e+02   7.9000000e+02
   2.4872900e+01   1.2073030e+02   7.8800000e+02
   2.4873000e+01   1.2073020e+02   7.7900000e+02
   2.4873100e+01   1.2073010e+02   7.7900000e+02
   2.4873200e+01   1.2073000e+02   7.6000000e+02
   2.4873300e+01   1.2072990e+02   7.6000000e+02
   2.4873400e+01   1.2072980e+02   7.4200000e+02
   2.4873500e+01   1.2072970e+02   7.3600000e+02
   2.4873700e+01   1.2072950e+02   7.3600000e+02
   2.4873800e+01   1.2072940e+02   7.3100000e+02
   2.4874000e+01   1.2072920e+02   7.3100000e+02
   2.4874100e+01   1.2072910e+02   7.2900000e+02
   2.4874200e+01   1.2072900e+02   7.2900000e+02
   2.4874300e+01   1.2072890e+02   7.1800000e+02
   2.4874400e+01   1.2072880e+02   7.1400000e+02
   2.4874500e+01   1.2072870e+02   7.1400000e+02
   2.4874600e+01   1.2072860e+02   6.9400000e+02
   2.4874800e+01   1.2072840e+02   6.9400000e+02
   2.4874900e+01   1.2072830e+02   6.7800000e+02
   2.4875000e+01   1.2072820e+02   6.7800000e+02
   2.4875100e+01   1.2072810e+02   6.6200000e+02
   2.4875200e+01   1.2072800e+02   6.5400000e+02
   2.4875400e+01   1.2072780e+02   6.5400000e+02
   2.4875500e+01   1.2072770e+02   6.3200000e+02
   2.4875600e+01   1.2072760e+02   6.3200000e+02
   2.4875700e+01   1.2072750e+02   6.1100000e+02
   2.4875800e+01   1.2072740e+02   6.1100000e+02
   2.4875900e+01   1.2072730e+02   6.0300000e+02
   2.4876000e+01   1.2072720e+02   5.9900000e+02
   2.4876200e+01   1.2072700e+02   5.9900000e+02
   2.4876300e+01   1.2072690e+02   5.8300000e+02
   2.4876500e+01   1.2072670e+02   5.8300000e+02
   2.4876600e+01   1.2072660e+02   5.7900000e+02
   2.4876800e+01   1.2072640e+02   5.7900000e+02
   2.4876900e+01   1.2072630e+02   5.7700000e+02
   2.4877000e+01   1.2072620e+02   5.7700000e+02
   2.4877100e+01   1.2072610e+02   5.7300000e+02
   2.4877200e+01   1.2072600e+02   5.7300000e+02
   2.4877300e+01   1.2072590e+02   5.6500000e+02
   2.4877400e+01   1.2072580e+02   5.6600000e+02
   2.4877600e+01   1.2072560e+02   5.6600000e+02
   2.4877700e+01   1.2072550e+02   5.4600000e+02
   2.4877900e+01   1.2072530e+02   5.4600000e+02
   2.4878000e+01   1.2072520e+02   5.4200000e+02
   2.4878100e+01   1.2072510e+02   5.4400000e+02
   2.4878200e+01   1.2072500e+02   5.4600000e+02
   2.4878500e+01   1.2072470e+02   5.5200000e+02
   2.4878600e+01   1.2072460e+02   5.5400000e+02
   2.4878800e+01   1.2072440e+02   5.5800000e+02
   2.4878900e+01   1.2072430e+02   5.5800000e+02
   2.4879000e+01   1.2072420e+02   5.5900000e+02
   2.4879100e+01   1.2072410e+02   5.6088000e+02
   2.4879400e+01   1.2072380e+02   5.6652000e+02
   2.4879500e+01   1.2072370e+02   5.6840000e+02
   2.4879600e+01   1.2072360e+02   5.7028000e+02
   2.4879800e+01   1.2072340e+02   5.7404000e+02
   2.4879900e+01   1.2072330e+02   5.7592000e+02
   2.4880000e+01   1.2072320e+02   5.7780000e+02
   2.4880200e+01   1.2072300e+02   5.8156000e+02
   2.4880300e+01   1.2072290e+02   5.8344000e+02
   2.4880600e+01   1.2072260e+02   5.8908000e+02
   2.4880700e+01   1.2072250e+02   5.9096000e+02
   2.4880800e+01   1.2072240e+02   5.9284000e+02
   2.4881100e+01   1.2072210e+02   5.9848000e+02
   2.4881200e+01   1.2072200e+02   6.0036000e+02
   2.4881500e+01   1.2072170e+02   6.0600000e+02
   2.4881600e+01   1.2072160e+02   6.0800000e+02
   2.4881700e+01   1.2072150e+02   6.1000000e+02
   2.4881800e+01   1.2072140e+02   6.1200000e+02
   2.4881900e+01   1.2072130e+02   6.1400000e+02
   2.4882000e+01   1.2072120e+02   6.1600000e+02
   2.4882100e+01   1.2072110e+02   6.0900000e+02
   2.4882300e+01   1.2072090e+02   6.0900000e+02
   2.4882400e+01   1.2072080e+02   5.7900000e+02
   2.4882600e+01   1.2072060e+02   5.7900000e+02
   2.4882700e+01   1.2072050e+02   5.4800000e+02
   2.4882900e+01   1.2072030e+02   5.4800000e+02
   2.4883000e+01   1.2072020e+02   5.2000000e+02
   2.4883100e+01   1.2072010e+02   5.2000000e+02
   2.4883200e+01   1.2072000e+02   4.8600000e+02
   2.4883400e+01   1.2071980e+02   4.8600000e+02
   2.4883500e+01   1.2071970e+02   4.7500000e+02
   2.4883600e+01   1.2071960e+02   4.7500000e+02
   2.4883700e+01   1.2071950e+02   4.6400000e+02
   2.4883800e+01   1.2071940e+02   4.6100000e+02
   2.4884000e+01   1.2071920e+02   4.6100000e+02
   2.4884100e+01   1.2071910e+02   4.4000000e+02
   2.4884300e+01   1.2071890e+02   4.4000000e+02
   2.4884400e+01   1.2071880e+02   4.2600000e+02
   2.4884500e+01   1.2071870e+02   4.2700000e+02
   2.4884600e+01   1.2071860e+02   4.1600000e+02
   2.4884800e+01   1.2071840e+02   4.1600000e+02
   2.4884900e+01   1.2071830e+02   3.9300000e+02
   2.4885100e+01   1.2071810e+02   3.9300000e+02
   2.4885200e+01   1.2071800e+02   3.6600000e+02
   2.4885300e+01   1.2071790e+02   3.6600000e+02
   2.4885400e+01   1.2071780e+02   3.6800000e+02
   2.4885500e+01   1.2071770e+02   3.6964516e+02
   2.4885600e+01   1.2071760e+02   3.7129032e+02
   2.4885700e+01   1.2071750e+02   3.7293548e+02
   2.4885800e+01   1.2071740e+02   3.7458065e+02
   2.4885900e+01   1.2071730e+02   3.7622581e+02
   2.4886100e+01   1.2071710e+02   3.7951613e+02
   2.4886200e+01   1.2071700e+02   3.8116129e+02
   2.4886300e+01   1.2071690e+02   3.8280645e+02
   2.4886400e+01   1.2071680e+02   3.8445161e+02
   2.4886700e+01   1.2071650e+02   3.8938710e+02
   2.4886800e+01   1.2071640e+02   3.9103226e+02
   2.4886900e+01   1.2071630e+02   3.9267742e+02
   2.4887000e+01   1.2071620e+02   3.9432258e+02
   2.4887100e+01   1.2071610e+02   3.9596774e+02
   2.4887200e+01   1.2071600e+02   3.9761290e+02
   2.4887300e+01   1.2071590e+02   3.9925806e+02
   2.4887400e+01   1.2071580e+02   4.0090323e+02
   2.4887500e+01   1.2071570e+02   4.0254839e+02
   2.4887600e+01   1.2071560e+02   4.0419355e+02
   2.4887900e+01   1.2071530e+02   4.0912903e+02
   2.4888000e+01   1.2071520e+02   4.1077419e+02
   2.4888100e+01   1.2071510e+02   4.1241935e+02
   2.4888200e+01   1.2071500e+02   4.1406452e+02
   2.4888300e+01   1.2071490e+02   4.1622043e+02
   2.4888400e+01   1.2071480e+02   4.1837634e+02
   2.4888500e+01   1.2071470e+02   4.2053226e+02
   2.4888600e+01   1.2071460e+02   4.2268817e+02
   2.4888700e+01   1.2071450e+02   4.2484409e+02
   2.4888800e+01   1.2071440e+02   4.2700000e+02
   2.4889000e+01   1.2071420e+02   4.2700000e+02
   2.4889100e+01   1.2071410e+02   4.2400000e+02
   2.4889300e+01   1.2071390e+02   4.2400000e+02
   2.4889400e+01   1.2071380e+02   4.1500000e+02
   2.4889500e+01   1.2071370e+02   4.1500000e+02
   2.4889600e+01   1.2071360e+02   3.9800000e+02
   2.4889800e+01   1.2071340e+02   3.9800000e+02
   2.4889900e+01   1.2071330e+02   3.8700000e+02
   2.4890000e+01   1.2071320e+02   3.8700000e+02
   2.4890100e+01   1.2071310e+02   3.8900000e+02
   2.4890200e+01   1.2071300e+02   3.9083333e+02
   2.4890300e+01   1.2071290e+02   3.9266667e+02
   2.4890400e+01   1.2071280e+02   3.9450000e+02
   2.4890500e+01   1.2071270e+02   3.9633333e+02
   2.4890600e+01   1.2071260e+02   3.9816667e+02
   2.4890700e+01   1.2071250e+02   4.0000000e+02
   2.4890800e+01   1.2071240e+02   4.0000000e+02
   2.4890900e+01   1.2071230e+02   4.0100000e+02
   2.4891000e+01   1.2071220e+02   4.0300000e+02
   2.4891100e+01   1.2071210e+02   4.0500000e+02
   2.4891200e+01   1.2071200e+02   4.0700000e+02
   2.4891300e+01   1.2071190e+02   4.0900000e+02
   2.4891500e+01   1.2071170e+02   4.0900000e+02
   2.4891600e+01   1.2071160e+02   4.0600000e+02
   2.4891800e+01   1.2071140e+02   4.0600000e+02
   2.4891900e+01   1.2071130e+02   3.9800000e+02
   2.4892000e+01   1.2071120e+02   3.9800000e+02
   2.4892100e+01   1.2071110e+02   3.8300000e+02
   2.4892300e+01   1.2071090e+02   3.8300000e+02
   2.4892700e+01   1.2071050e+02   3.9138095e+02
   2.4892800e+01   1.2071040e+02   3.9347619e+02
   2.4893100e+01   1.2071010e+02   3.9976190e+02
   2.4893200e+01   1.2071000e+02   4.0185714e+02
   2.4893300e+01   1.2070990e+02   4.0395238e+02
   2.4893400e+01   1.2070980e+02   4.0604762e+02
   2.4893500e+01   1.2070970e+02   4.0814286e+02
   2.4893600e+01   1.2070960e+02   4.1023810e+02
   2.4893900e+01   1.2070930e+02   4.1652381e+02
   2.4894000e+01   1.2070920e+02   4.1861905e+02
   2.4894400e+01   1.2070880e+02   4.2700000e+02
   2.4894500e+01   1.2070870e+02   4.2700000e+02
   2.4894600e+01   1.2070860e+02   4.2900000e+02
   2.4894800e+01   1.2070840e+02   4.2900000e+02
   2.4894900e+01   1.2070830e+02   4.1200000e+02
   2.4895100e+01   1.2070810e+02   4.1200000e+02
   2.4895200e+01   1.2070800e+02   3.7400000e+02
   2.4895300e+01   1.2070790e+02   3.7400000e+02
   2.4895700e+01   1.2070750e+02   3.8230769e+02
   2.4895800e+01   1.2070740e+02   3.8438462e+02
   2.4896100e+01   1.2070710e+02   3.9061538e+02
   2.4896200e+01   1.2070700e+02   3.9269231e+02
   2.4896300e+01   1.2070690e+02   3.9476923e+02
   2.4896400e+01   1.2070680e+02   3.9684615e+02
   2.4896500e+01   1.2070670e+02   3.9892308e+02
   2.4896600e+01   1.2070660e+02   4.0100000e+02
   2.4896800e+01   1.2070640e+02   4.0100000e+02
   2.4896900e+01   1.2070630e+02   3.9600000e+02
   2.4897000e+01   1.2070620e+02   3.9600000e+02
   2.4897100e+01   1.2070610e+02   3.9000000e+02
   2.4897200e+01   1.2070600e+02   3.9000000e+02
   2.4897300e+01   1.2070590e+02   3.6900000e+02
   2.4897400e+01   1.2070580e+02   3.6700000e+02
   2.4897600e+01   1.2070560e+02   3.6700000e+02
   2.4897800e+01   1.2070540e+02   3.7030000e+02
   2.4897900e+01   1.2070530e+02   3.7195000e+02
   2.4898200e+01   1.2070500e+02   3.7690000e+02
   2.4898300e+01   1.2070490e+02   3.7855000e+02
   2.4898700e+01   1.2070450e+02   3.8515000e+02
   2.4898800e+01   1.2070440e+02   3.8680000e+02
   2.4898900e+01   1.2070430e+02   3.8845000e+02
   2.4899100e+01   1.2070410e+02   3.9175000e+02
   2.4899200e+01   1.2070400e+02   3.9340000e+02
   2.4899300e+01   1.2070390e+02   3.9505000e+02
   2.4899400e+01   1.2070380e+02   3.9727885e+02
   2.4899500e+01   1.2070370e+02   3.9950769e+02
   2.4899600e+01   1.2070360e+02   4.0173654e+02
   2.4899700e+01   1.2070350e+02   4.0396538e+02
   2.4899800e+01   1.2070340e+02   4.0619423e+02
   2.4899900e+01   1.2070330e+02   4.0842308e+02
   2.4900000e+01   1.2070320e+02   4.1065192e+02
   2.4900100e+01   1.2070310e+02   4.1288077e+02
   2.4900200e+01   1.2070300e+02   4.1510962e+02
   2.4900300e+01   1.2070290e+02   4.1733846e+02
   2.4900400e+01   1.2070280e+02   4.1956731e+02
   2.4900500e+01   1.2070270e+02   4.2179615e+02
   2.4900600e+01   1.2070260e+02   4.2402500e+02
   2.4900800e+01   1.2070240e+02   4.2848269e+02
   2.4900900e+01   1.2070230e+02   4.3071154e+02
   2.4901000e+01   1.2070220e+02   4.3294038e+02
   2.4901100e+01   1.2070210e+02   4.3516923e+02
   2.4901200e+01   1.2070200e+02   4.3739808e+02
   2.4901300e+01   1.2070190e+02   4.3962692e+02
   2.4901400e+01   1.2070180e+02   4.4185577e+02
   2.4901500e+01   1.2070170e+02   4.4408462e+02
   2.4901600e+01   1.2070160e+02   4.4631346e+02
   2.4901700e+01   1.2070150e+02   4.4854231e+02
   2.4901800e+01   1.2070140e+02   4.5077115e+02
   2.4901900e+01   1.2070130e+02   4.5300000e+02
   2.4902000e+01   1.2070120e+02   4.5300000e+02
