47.39766400000000 8.54918520000000 50.00000000000000 
47.40489120000000 8.56042450000000 489.00000000000000 
47.40462190000000 8.56042450000000 496.00000000000000 
47.40408340000000 8.56042450000000 502.00000000000000 
47.40354480000000 8.56042450000000 513.00000000000000 
47.40300620000000 8.56042450000000 519.00000000000000 
47.40246760000000 8.56042440000000 531.00000000000000 
47.40192890000000 8.56042440000000 556.00000000000000 
47.40139030000000 8.56042440000000 569.00000000000000 
47.40085180000000 8.56042440000000 590.00000000000000 
47.40031320000000 8.56042440000000 604.00000000000000 
47.39977460000000 8.56042440000000 618.00000000000000 
47.39923600000000 8.56042440000000 628.00000000000000 
47.39869750000000 8.56042440000000 635.00000000000000 
47.39815890000000 8.56042440000000 644.00000000000000 
47.39708170000000 8.56042440000000 652.00000000000000 
47.39654300000000 8.56042440000000 657.00000000000000 
47.39600440000000 8.56042440000000 656.00000000000000 
47.39546590000000 8.56042440000000 664.00000000000000 
47.39492730000000 8.56042440000000 678.00000000000000 
47.39358070000000 8.56042430000000 686.00000000000000 
47.39304210000000 8.56042430000000 688.00000000000000 
47.39250360000000 8.56042430000000 696.00000000000000 
47.39169570000000 8.56042430000000 701.00000000000000 
47.39115710000000 8.56042430000000 696.00000000000000 
47.39008000000000 8.56042430000000 704.00000000000000 
47.38954140000000 8.56042430000000 719.00000000000000 
47.38900280000000 8.56042430000000 721.00000000000000 
47.38792550000000 8.56042430000000 729.00000000000000 
47.38738690000000 8.56042430000000 719.00000000000000 
47.38684840000000 8.56042430000000 705.00000000000000 
47.38630980000000 8.56042430000000 694.00000000000000 
47.38577120000000 8.56042430000000 680.00000000000000 
47.38523250000000 8.56042420000000 670.00000000000000 
47.38469390000000 8.56042420000000 666.00000000000000 
47.38415540000000 8.56042420000000 661.00000000000000 
47.38361680000000 8.56042420000000 656.00000000000000 
47.38307820000000 8.56042420000000 647.00000000000000 
47.38253960000000 8.56042420000000 637.00000000000000 
47.38196730000000 8.56077430000000 629.00000000000000 
47.38161840000000 8.56145450000000 629.00000000000000 
47.38146040000000 8.56201800000000 630.00000000000000 
47.38161840000000 8.56258150000000 650.00000000000000 
47.38177650000000 8.56314500000000 656.00000000000000 
47.38215810000000 8.56337840000000 664.00000000000000 
47.38253960000000 8.56361190000000 665.00000000000000 
47.38323330000000 8.56307110000000 668.00000000000000 
47.38369590000000 8.56271050000000 669.00000000000000 
47.38415830000000 8.56235010000000 673.00000000000000 
47.38462080000000 8.56198940000000 679.00000000000000 
47.38508340000000 8.56162900000000 682.00000000000000 
47.38554580000000 8.56126840000000 691.00000000000000 
47.38577720000000 8.56108820000000 693.00000000000000 
47.38586710000000 8.56108820000000 693.00000000000000 
47.38613590000000 8.56108820000000 699.00000000000000 
47.38694230000000 8.56108820000000 712.00000000000000 
47.38747990000000 8.56108830000000 722.00000000000000 
47.38801760000000 8.56108830000000 725.00000000000000 
47.38855520000000 8.56108830000000 716.00000000000000 
47.38936160000000 8.56108830000000 713.00000000000000 
47.38989920000000 8.56108830000000 706.00000000000000 
47.39043690000000 8.56108830000000 695.00000000000000 
47.39178090000000 8.56108830000000 696.00000000000000 
47.39285630000000 8.56108830000000 693.00000000000000 
47.39393150000000 8.56108850000000 687.00000000000000 
47.39473790000000 8.56108850000000 683.00000000000000 
47.39527560000000 8.56108850000000 674.00000000000000 
47.39581320000000 8.56108850000000 659.00000000000000 
47.39635080000000 8.56108860000000 660.00000000000000 
47.39688840000000 8.56108860000000 652.00000000000000 
47.39796370000000 8.56108860000000 645.00000000000000 
47.39850130000000 8.56108860000000 634.00000000000000 
47.39903890000000 8.56108860000000 629.00000000000000 
47.39984530000000 8.56108860000000 617.00000000000000 
47.40038300000000 8.56108860000000 606.00000000000000 
47.40092070000000 8.56108860000000 589.00000000000000 
47.40145820000000 8.56108860000000 570.00000000000000 
47.40199580000000 8.56108880000000 555.00000000000000 
47.40253360000000 8.56108880000000 535.00000000000000 
47.40307120000000 8.56108880000000 520.00000000000000 
47.40387760000000 8.56108880000000 511.00000000000000 
47.40445000000000 8.56143910000000 496.00000000000000 
47.40487780000000 8.56240150000000 484.00000000000000 
47.40479870000000 8.56324710000000 490.00000000000000 
47.40464060000000 8.56381070000000 488.00000000000000 
47.40425910000000 8.56404420000000 494.00000000000000 
47.40387760000000 8.56427780000000 499.00000000000000 
47.40341500000000 8.56391710000000 508.00000000000000 
47.40272120000000 8.56337610000000 534.00000000000000 
47.40225880000000 8.56301540000000 552.00000000000000 
47.40179630000000 8.56265490000000 565.00000000000000 
47.40133370000000 8.56229420000000 572.00000000000000 
47.40087130000000 8.56193360000000 587.00000000000000 
47.40063990000000 8.56175330000000 597.00000000000000 
47.40055000000000 8.56175330000000 597.00000000000000 
47.40028260000000 8.56175330000000 607.00000000000000 
47.39974770000000 8.56175320000000 616.00000000000000 
47.39921280000000 8.56175320000000 629.00000000000000 
47.39867770000000 8.56175320000000 629.00000000000000 
47.39814280000000 8.56175320000000 638.00000000000000 
47.39760800000000 8.56175300000000 647.00000000000000 
47.39707300000000 8.56175300000000 651.00000000000000 
47.39653810000000 8.56175300000000 659.00000000000000 
47.39546810000000 8.56175300000000 663.00000000000000 
47.39493330000000 8.56175300000000 676.00000000000000 
47.39439840000000 8.56175300000000 683.00000000000000 
47.39386340000000 8.56175300000000 689.00000000000000 
47.39306090000000 8.56175290000000 689.00000000000000 
47.39252610000000 8.56175290000000 691.00000000000000 
47.39145620000000 8.56175270000000 694.00000000000000 
47.39092120000000 8.56175270000000 697.00000000000000 
47.39038640000000 8.56175270000000 700.00000000000000 
47.38985140000000 8.56175270000000 711.00000000000000 
47.38931650000000 8.56175270000000 708.00000000000000 
47.38797910000000 8.56175270000000 713.00000000000000 
47.38744420000000 8.56175260000000 724.00000000000000 
47.38690930000000 8.56175260000000 719.00000000000000 
47.38637440000000 8.56175260000000 711.00000000000000 
47.38583930000000 8.56175260000000 702.00000000000000 
47.38530440000000 8.56175240000000 688.00000000000000 
47.38476960000000 8.56175240000000 676.00000000000000 
47.38423460000000 8.56175240000000 669.00000000000000 
47.38369970000000 8.56175240000000 664.00000000000000 
47.38316470000000 8.56175240000000 658.00000000000000 
47.38262970000000 8.56175240000000 648.00000000000000 
47.38224830000000 8.56198580000000 649.00000000000000 
47.38186660000000 8.56221920000000 649.00000000000000 
47.38170870000000 8.56278270000000 653.00000000000000 
47.38155060000000 8.56334620000000 657.00000000000000 
47.38170870000000 8.56390970000000 661.00000000000000 
47.38186660000000 8.56447320000000 667.00000000000000 
47.38243900000000 8.56482340000000 669.00000000000000 
47.38286100000000 8.56475970000000 674.00000000000000 
47.38332340000000 8.56439930000000 677.00000000000000 
47.38378600000000 8.56403870000000 687.00000000000000 
47.38447980000000 8.56349810000000 694.00000000000000 
47.38494230000000 8.56313750000000 699.00000000000000 
47.38540470000000 8.56277690000000 699.00000000000000 
47.38586730000000 8.56241650000000 713.00000000000000 
47.38595730000000 8.56241650000000 713.00000000000000 
47.38622660000000 8.56241650000000 719.00000000000000 
47.38730450000000 8.56241650000000 716.00000000000000 
47.38811270000000 8.56241650000000 712.00000000000000 
47.38999880000000 8.56241670000000 706.00000000000000 
47.39161540000000 8.56241680000000 703.00000000000000 
47.39215430000000 8.56241680000000 707.00000000000000 
47.39269310000000 8.56241680000000 687.00000000000000 
47.39350150000000 8.56241680000000 684.00000000000000 
47.39430970000000 8.56241700000000 681.00000000000000 
47.39484850000000 8.56241700000000 678.00000000000000 
47.39538750000000 8.56241700000000 671.00000000000000 
47.39592640000000 8.56241710000000 661.00000000000000 
47.39673460000000 8.56241710000000 659.00000000000000 
47.39727360000000 8.56241710000000 648.00000000000000 
47.39781240000000 8.56241710000000 642.00000000000000 
47.39835120000000 8.56241710000000 637.00000000000000 
47.39915960000000 8.56241730000000 629.00000000000000 
47.39969850000000 8.56241730000000 616.00000000000000 
47.40023730000000 8.56241730000000 606.00000000000000 
47.40077610000000 8.56241740000000 594.00000000000000 
47.40131510000000 8.56241740000000 573.00000000000000 
47.40185400000000 8.56241740000000 558.00000000000000 
47.40239280000000 8.56241750000000 547.00000000000000 
47.40293160000000 8.56241750000000 523.00000000000000 
47.40374000000000 8.56241750000000 508.00000000000000 
47.40427890000000 8.56241760000000 499.00000000000000 
47.40454820000000 8.56241760000000 497.00000000000000 
