47.39766400000000 8.54918520000000 50.00000000000000 
47.40489120000000 8.56042450000000 659.13879394531250 
47.40462190000000 8.56042450000000 660.38647460937500 
47.40408340000000 8.56042450000000 662.88183593750000 
47.40354480000000 8.56042450000000 665.37719726562500 
47.40300620000000 8.56042450000000 667.87261962890625 
47.40246760000000 8.56042440000000 670.36798095703125 
47.40192890000000 8.56042440000000 672.86334228515625 
47.40139030000000 8.56042440000000 675.35870361328125 
47.40085180000000 8.56042440000000 677.85406494140625 
47.40031320000000 8.56042440000000 680.34948730468750 
47.39977460000000 8.56042440000000 682.84484863281250 
47.39923600000000 8.56042440000000 685.34020996093750 
47.39869750000000 8.56042440000000 687.83557128906250 
47.39815890000000 8.56042440000000 690.33093261718750 
47.39762030000000 8.56042440000000 692.82635498046875 
47.39708170000000 8.56042440000000 695.32171630859375 
47.39654300000000 8.56042440000000 697.81707763671875 
47.39600440000000 8.56042440000000 700.31243896484375 
47.39546590000000 8.56042440000000 702.80780029296875 
47.39492730000000 8.56042440000000 705.30322265625000 
47.39438870000000 8.56042440000000 707.79858398437500 
47.39385000000000 8.56042430000000 710.29394531250000 
47.39331140000000 8.56042430000000 712.78930664062500 
47.39277290000000 8.56042430000000 715.28466796875000 
47.39223430000000 8.56042430000000 717.78009033203125 
47.39169570000000 8.56042430000000 720.27545166015625 
47.39115710000000 8.56042430000000 722.77081298828125 
47.39061840000000 8.56042430000000 725.26617431640625 
47.39008000000000 8.56042430000000 727.76153564453125 
47.38954140000000 8.56042430000000 730.25695800781250 
47.38900280000000 8.56042430000000 732.75231933593750 
47.38792550000000 8.56042430000000 732.75231933593750 
47.38738690000000 8.56042430000000 730.25695800781250 
47.38684840000000 8.56042430000000 727.76153564453125 
47.38630980000000 8.56042430000000 725.26617431640625 
47.38577120000000 8.56042430000000 722.77081298828125 
47.38523250000000 8.56042420000000 720.27545166015625 
47.38469390000000 8.56042420000000 717.78009033203125 
47.38415540000000 8.56042420000000 715.28466796875000 
47.38361680000000 8.56042420000000 712.78930664062500 
47.38307820000000 8.56042420000000 710.29394531250000 
47.38253960000000 8.56042420000000 707.79858398437500 
47.38196730000000 8.56077430000000 704.92846679687500 
47.38161840000000 8.56145450000000 702.05834960937500 
47.38146040000000 8.56201800000000 700.14489746093750 
47.38169750000000 8.56286330000000 697.27478027343750 
47.38215810000000 8.56337840000000 697.91662597656250 
47.38253960000000 8.56361190000000 699.83001708984375 
47.38300210000000 8.56325140000000 702.25299072265625 
47.38346450000000 8.56289090000000 704.67602539062500 
47.38392710000000 8.56253020000000 707.09899902343750 
47.38438970000000 8.56216980000000 709.52197265625000 
47.38485220000000 8.56180930000000 711.94494628906250 
47.38531460000000 8.56144870000000 714.36798095703125 
47.38577720000000 8.56108820000000 716.79095458984375 
47.38586710000000 8.56108820000000 716.79095458984375 
47.38613590000000 8.56108820000000 718.03643798828125 
47.38667350000000 8.56108820000000 720.52728271484375 
47.38721110000000 8.56108820000000 723.01818847656250 
47.38774880000000 8.56108830000000 725.50909423828125 
47.38828640000000 8.56108830000000 728.00000000000000 
47.38882400000000 8.56108830000000 725.50909423828125 
47.38936160000000 8.56108830000000 723.01818847656250 
47.38989920000000 8.56108830000000 720.52728271484375 
47.39043690000000 8.56108830000000 718.03643798828125 
47.39097460000000 8.56108830000000 715.54553222656250 
47.39151220000000 8.56108830000000 713.05462646484375 
47.39204970000000 8.56108830000000 710.56372070312500 
47.39258730000000 8.56108830000000 708.07281494140625 
47.39312510000000 8.56108850000000 705.58190917968750 
47.39366270000000 8.56108850000000 703.09100341796875 
47.39420030000000 8.56108850000000 700.60009765625000 
47.39473790000000 8.56108850000000 698.10925292968750 
47.39527560000000 8.56108850000000 695.61834716796875 
47.39581320000000 8.56108850000000 693.12744140625000 
47.39635080000000 8.56108860000000 690.63653564453125 
47.39688840000000 8.56108860000000 688.14562988281250 
47.39742600000000 8.56108860000000 685.65472412109375 
47.39796370000000 8.56108860000000 683.16381835937500 
47.39850130000000 8.56108860000000 680.67297363281250 
47.39903890000000 8.56108860000000 678.18206787109375 
47.39957650000000 8.56108860000000 675.69116210937500 
47.40011420000000 8.56108860000000 673.20025634765625 
47.40065190000000 8.56108860000000 670.70935058593750 
47.40118950000000 8.56108860000000 668.21844482421875 
47.40172700000000 8.56108880000000 665.72753906250000 
47.40226460000000 8.56108880000000 663.23663330078125 
47.40280240000000 8.56108880000000 660.74578857421875 
47.40334000000000 8.56108880000000 658.25488281250000 
47.40387760000000 8.56108880000000 655.76397705078125 
47.40445000000000 8.56143910000000 652.89385986328125 
47.40479870000000 8.56211950000000 650.02374267578125 
47.40495680000000 8.56268330000000 648.11029052734375 
47.40471970000000 8.56352890000000 645.24017333984375 
47.40406840000000 8.56416100000000 645.36120605468750 
47.40364630000000 8.56409740000000 647.52935791015625 
47.40318380000000 8.56373670000000 649.95239257812500 
47.40272120000000 8.56337610000000 652.37536621093750 
47.40225880000000 8.56301540000000 654.79833984375000 
47.40179630000000 8.56265490000000 657.22137451171875 
47.40133370000000 8.56229420000000 659.64434814453125 
47.40087130000000 8.56193360000000 662.06732177734375 
47.40063990000000 8.56175330000000 663.27880859375000 
47.40055000000000 8.56175330000000 663.27880859375000 
47.40028260000000 8.56175330000000 664.51806640625000 
47.39974770000000 8.56175320000000 666.99645996093750 
47.39921280000000 8.56175320000000 669.47485351562500 
47.39867770000000 8.56175320000000 671.95330810546875 
47.39814280000000 8.56175320000000 674.43170166015625 
47.39760800000000 8.56175300000000 676.91009521484375 
47.39707300000000 8.56175300000000 679.38854980468750 
47.39653810000000 8.56175300000000 681.86694335937500 
47.39600310000000 8.56175300000000 684.34533691406250 
47.39546810000000 8.56175300000000 686.82379150390625 
47.39493330000000 8.56175300000000 689.30218505859375 
47.39439840000000 8.56175300000000 691.78057861328125 
47.39386340000000 8.56175300000000 694.25903320312500 
47.39332840000000 8.56175290000000 696.73742675781250 
47.39279360000000 8.56175290000000 699.21588134765625 
47.39225860000000 8.56175290000000 701.69427490234375 
47.39172370000000 8.56175270000000 704.17266845703125 
47.39118870000000 8.56175270000000 706.65112304687500 
47.39065370000000 8.56175270000000 709.12951660156250 
47.39011890000000 8.56175270000000 711.60791015625000 
47.38958400000000 8.56175270000000 714.08636474609375 
47.38904900000000 8.56175270000000 716.56475830078125 
47.38851400000000 8.56175270000000 719.04315185546875 
47.38797910000000 8.56175270000000 721.52160644531250 
47.38744420000000 8.56175260000000 724.00000000000000 
47.38690930000000 8.56175260000000 722.76080322265625 
47.38637440000000 8.56175260000000 720.28234863281250 
47.38583930000000 8.56175260000000 717.80395507812500 
47.38530440000000 8.56175240000000 715.32556152343750 
47.38476960000000 8.56175240000000 712.84710693359375 
47.38423460000000 8.56175240000000 710.36871337890625 
47.38369970000000 8.56175240000000 707.89031982421875 
47.38316470000000 8.56175240000000 705.41186523437500 
47.38262970000000 8.56175240000000 702.93347167968750 
47.38205740000000 8.56210250000000 700.06335449218750 
47.38170870000000 8.56278270000000 697.19323730468750 
47.38155060000000 8.56334620000000 695.27978515625000 
47.38178760000000 8.56419150000000 692.40966796875000 
47.38224820000000 8.56470650000000 694.12561035156250 
47.38262970000000 8.56494010000000 696.03906250000000 
47.38309230000000 8.56457960000000 698.46203613281250 
47.38355480000000 8.56421900000000 700.88500976562500 
47.38401720000000 8.56385860000000 703.30804443359375 
47.38447980000000 8.56349810000000 705.73101806640625 
47.38494230000000 8.56313750000000 708.15399169921875 
47.38540470000000 8.56277690000000 710.57702636718750 
47.38586730000000 8.56241650000000 713.00000000000000 
47.38595730000000 8.56241650000000 717.75164794921875 
47.38622660000000 8.56241650000000 719.00000000000000 
47.38730450000000 8.56241650000000 717.75164794921875 
47.38784330000000 8.56241650000000 715.25500488281250 
47.38838210000000 8.56241650000000 712.75836181640625 
47.38892110000000 8.56241670000000 710.26171875000000 
47.38999880000000 8.56241670000000 708.75164794921875 
47.39053760000000 8.56241680000000 706.25500488281250 
47.39107660000000 8.56241680000000 703.75836181640625 
47.39161540000000 8.56241680000000 704.50335693359375 
47.39215430000000 8.56241680000000 707.00000000000000 
47.39269310000000 8.56241680000000 704.50335693359375 
47.39323200000000 8.56241680000000 702.00671386718750 
47.39377090000000 8.56241700000000 699.51000976562500 
47.39430970000000 8.56241700000000 697.01336669921875 
47.39484850000000 8.56241700000000 694.51672363281250 
47.39538750000000 8.56241700000000 692.02008056640625 
47.39592640000000 8.56241710000000 689.52337646484375 
47.39646520000000 8.56241710000000 687.02673339843750 
47.39700400000000 8.56241710000000 684.53009033203125 
47.39754300000000 8.56241710000000 682.03344726562500 
47.39808190000000 8.56241710000000 679.53680419921875 
47.39862060000000 8.56241710000000 677.04010009765625 
47.39915960000000 8.56241730000000 674.54345703125000 
47.39969850000000 8.56241730000000 672.04681396484375 
47.40023730000000 8.56241730000000 669.55017089843750 
47.40077610000000 8.56241740000000 667.05346679687500 
47.40131510000000 8.56241740000000 664.55682373046875 
47.40185400000000 8.56241740000000 662.06018066406250 
47.40239280000000 8.56241750000000 659.56353759765625 
47.40293160000000 8.56241750000000 657.06689453125000 
47.40347060000000 8.56241750000000 654.57019042968750 
47.40400940000000 8.56241760000000 652.07354736328125 
47.40454820000000 8.56241760000000 649.57690429687500 
