47.39769590000000 8.55031990000000 50.00000000000000 
47.39476750000000 8.55150340000000 664.30633544921875 
47.39450680000000 8.55150340000000 665.51348876953125 
47.39398570000000 8.55150340000000 667.92785644531250 
47.39346460000000 8.55150340000000 670.34216308593750 
47.39294350000000 8.55150340000000 672.75646972656250 
47.39242240000000 8.55150340000000 675.17083740234375 
47.39190130000000 8.55150340000000 677.58514404296875 
47.39138020000000 8.55150340000000 679.99951171875000 
47.39085920000000 8.55150330000000 682.41381835937500 
47.39033810000000 8.55150330000000 684.82818603515625 
47.38981700000000 8.55150330000000 687.24249267578125 
47.38929590000000 8.55150330000000 689.65686035156250 
47.38877480000000 8.55150330000000 692.07116699218750 
47.38825370000000 8.55150330000000 694.48547363281250 
47.38761160000000 8.55173680000000 697.60607910156250 
47.38723000000000 8.55197020000000 699.51947021484375 
47.38699290000000 8.55281550000000 702.38964843750000 
47.38707190000000 8.55366080000000 705.25976562500000 
47.38723000000000 8.55422430000000 707.17315673828125 
47.38780240000000 8.55457460000000 710.04327392578125 
47.38938060000000 8.55360960000000 708.78851318359375 
47.38984320000000 8.55324910000000 706.36553955078125 
47.39030570000000 8.55288850000000 703.94250488281250 
47.39076810000000 8.55252790000000 701.51953125000000 
47.39123070000000 8.55216740000000 699.09655761718750 
47.39132060000000 8.55216740000000 699.09655761718750 
47.39158730000000 8.55216740000000 697.86114501953125 
47.39212050000000 8.55216740000000 695.39044189453125 
47.39265380000000 8.55216750000000 692.91967773437500 
47.39318710000000 8.55216750000000 690.44897460937500 
47.39372040000000 8.55216750000000 687.97821044921875 
47.39436860000000 8.55240100000000 684.82940673828125 
47.39475000000000 8.55263450000000 684.51947021484375 
47.39498710000000 8.55348000000000 687.38964843750000 
47.39490800000000 8.55432540000000 690.25976562500000 
47.39475000000000 8.55488910000000 692.17315673828125 
47.39417780000000 8.55523910000000 695.04327392578125 
47.39306200000000 8.55463470000000 694.57702636718750 
47.39259940000000 8.55427420000000 692.15399169921875 
47.39213700000000 8.55391360000000 692.57702636718750 
47.39167440000000 8.55355310000000 695.00000000000000 
47.39121180000000 8.55319250000000 694.78851318359375 
47.39074940000000 8.55283190000000 692.36553955078125 
47.39065950000000 8.55283190000000 694.28100585937500 
47.39039620000000 8.55283190000000 695.50097656250000 
47.38986940000000 8.55283190000000 697.94104003906250 
47.38934280000000 8.55283180000000 700.38110351562500 
47.38881620000000 8.55283170000000 702.82110595703125 
47.38828960000000 8.55283170000000 705.26116943359375 
47.38764460000000 8.55306510000000 708.39459228515625 
47.38726310000000 8.55329850000000 710.30798339843750 
47.38702610000000 8.55414390000000 713.17810058593750 
47.38710510000000 8.55498920000000 716.04827880859375 
47.38726310000000 8.55555270000000 717.96166992187500 
47.38783540000000 8.55590290000000 720.83178710937500 
47.38825740000000 8.55583940000000 723.00000000000000 
47.38964490000000 8.55475770000000 722.78851318359375 
47.39010750000000 8.55439720000000 720.36553955078125 
47.39056990000000 8.55403660000000 717.94250488281250 
47.39103240000000 8.55367600000000 715.51953125000000 
47.39126380000000 8.55349580000000 714.30804443359375 
47.39135360000000 8.55349580000000 714.30804443359375 
47.39162280000000 8.55349580000000 713.06115722656250 
47.39216090000000 8.55349590000000 710.56750488281250 
47.39269920000000 8.55349590000000 708.07379150390625 
47.39323750000000 8.55349590000000 705.58013916015625 
47.39377570000000 8.55349610000000 703.08642578125000 
47.39442640000000 8.55372960000000 699.92614746093750 
47.39480780000000 8.55396300000000 700.09649658203125 
47.39504490000000 8.55480850000000 702.96661376953125 
47.39496580000000 8.55565390000000 705.83673095703125 
47.39480780000000 8.55621760000000 707.75018310546875 
47.39423550000000 8.55656770000000 710.62030029296875 
47.39381350000000 8.55650410000000 712.78851318359375 
47.39311980000000 8.55596330000000 711.78851318359375 
47.39265720000000 8.55560270000000 713.78851318359375 
47.39150100000000 8.55470120000000 716.53173828125000 
47.39103850000000 8.55434060000000 718.95471191406250 
47.39080720000000 8.55416030000000 720.16619873046875 
47.39071730000000 8.55416030000000 720.16619873046875 
47.39045150000000 8.55416030000000 721.39770507812500 
47.38991980000000 8.55416020000000 723.86071777343750 
47.38938830000000 8.55416020000000 726.32366943359375 
47.38885670000000 8.55416000000000 728.78668212890625 
47.38832500000000 8.55416000000000 731.24969482421875 
47.38767770000000 8.55439340000000 734.39459228515625 
47.38729610000000 8.55462680000000 736.30798339843750 
47.38705900000000 8.55547210000000 739.17810058593750 
47.38713810000000 8.55631750000000 742.04827880859375 
47.38729610000000 8.55688110000000 743.96166992187500 
47.38786830000000 8.55723130000000 746.83178710937500 
47.38829040000000 8.55716760000000 749.00000000000000 
47.38921550000000 8.55644670000000 745.57702636718750 
47.38967790000000 8.55608610000000 744.78851318359375 
47.39014050000000 8.55572550000000 742.36553955078125 
47.39060300000000 8.55536500000000 739.94250488281250 
47.39106540000000 8.55500440000000 737.51953125000000 
47.39129680000000 8.55482410000000 736.30804443359375 
47.39138670000000 8.55482410000000 736.30804443359375 
47.39163360000000 8.55482410000000 735.16412353515625 
47.39212740000000 8.55482430000000 732.87622070312500 
47.39262120000000 8.55482440000000 730.58837890625000 
47.39311490000000 8.55482440000000 728.30053710937500 
47.39360880000000 8.55482450000000 726.01269531250000 
47.39410270000000 8.55482460000000 723.72479248046875 
47.39486560000000 8.55529140000000 722.88500976562500 
47.39510270000000 8.55613700000000 725.75512695312500 
47.39502360000000 8.55698250000000 728.62524414062500 
47.39486560000000 8.55754610000000 730.53869628906250 
47.39429330000000 8.55789620000000 733.40881347656250 
47.39387130000000 8.55783260000000 735.57702636718750 
47.39340870000000 8.55747190000000 738.00000000000000 
47.39271500000000 8.55693110000000 735.78851318359375 
47.39225260000000 8.55657050000000 733.36553955078125 
47.39179000000000 8.55620980000000 735.20550537109375 
47.39132750000000 8.55584930000000 737.62847900390625 
47.39086510000000 8.55548870000000 740.05145263671875 
47.39077510000000 8.55548870000000 740.05145263671875 
47.39050680000000 8.55548870000000 741.29443359375000 
47.38997020000000 8.55548860000000 743.78039550781250 
47.38943370000000 8.55548840000000 746.26629638671875 
47.38889710000000 8.55548840000000 748.75225830078125 
47.38836060000000 8.55548840000000 751.23822021484375 
47.38771080000000 8.55572170000000 754.39459228515625 
47.38732910000000 8.55595520000000 756.30798339843750 
47.38709200000000 8.55680050000000 759.17810058593750 
47.38717100000000 8.55764580000000 762.04827880859375 
47.38732900000000 8.55820930000000 763.96166992187500 
47.38790130000000 8.55855950000000 766.83178710937500 
47.38832350000000 8.55849610000000 769.00000000000000 
47.38878590000000 8.55813560000000 766.57702636718750 
47.38924850000000 8.55777500000000 764.15399169921875 
47.38971100000000 8.55741450000000 761.73101806640625 
47.39017340000000 8.55705390000000 759.30804443359375 
47.39063600000000 8.55669340000000 756.88500976562500 
47.39109860000000 8.55633280000000 754.46203613281250 
47.39132980000000 8.55615250000000 753.25054931640625 
47.39141980000000 8.55615250000000 753.25054931640625 
47.39166890000000 8.55615270000000 752.09619140625000 
47.39216710000000 8.55615270000000 749.78747558593750 
47.39266550000000 8.55615280000000 747.47875976562500 
47.39316370000000 8.55615280000000 745.17004394531250 
47.39366220000000 8.55615300000000 742.86132812500000 
47.39416050000000 8.55615310000000 740.55255126953125 
47.39473280000000 8.55650330000000 737.68243408203125 
47.39508160000000 8.55718370000000 734.81231689453125 
47.39523950000000 8.55774740000000 732.89892578125000 
47.39500240000000 8.55859280000000 730.02880859375000 
47.39454190000000 8.55910800000000 732.00000000000000 
47.39416020000000 8.55934130000000 733.78851318359375 
47.39323530000000 8.55862020000000 737.00000000000000 
47.39277270000000 8.55825960000000 739.03326416015625 
47.39231030000000 8.55789890000000 741.45623779296875 
47.39184780000000 8.55753840000000 743.87921142578125 
47.39138520000000 8.55717780000000 746.30224609375000 
47.39092280000000 8.55681720000000 748.72521972656250 
47.39083290000000 8.55681720000000 748.72521972656250 
47.39058680000000 8.55681710000000 749.86560058593750 
47.39009440000000 8.55681690000000 752.14642333984375 
47.38960220000000 8.55681690000000 754.42724609375000 
47.38910990000000 8.55681690000000 756.70806884765625 
47.38861750000000 8.55681680000000 758.98883056640625 
47.38812540000000 8.55681660000000 761.26965332031250 
47.38755290000000 8.55716670000000 764.13977050781250 
47.38720420000000 8.55784690000000 767.00994873046875 
47.38704610000000 8.55841060000000 768.92333984375000 
47.38728310000000 8.55925590000000 771.79345703125000 
47.38774360000000 8.55977120000000 774.66357421875000 
47.38812520000000 8.56000470000000 776.57702636718750 
47.38858760000000 8.55964420000000 779.00000000000000 
47.38905030000000 8.55928370000000 776.78851318359375 
47.38951280000000 8.55892310000000 774.36553955078125 
47.38997520000000 8.55856260000000 771.94250488281250 
47.39043780000000 8.55820200000000 769.51953125000000 
47.39090030000000 8.55784160000000 767.09655761718750 
47.39136290000000 8.55748090000000 764.67352294921875 
47.39145270000000 8.55748090000000 764.67352294921875 
47.39170420000000 8.55748110000000 763.50872802734375 
47.39220700000000 8.55748120000000 761.17913818359375 
47.39270980000000 8.55748120000000 758.84954833984375 
47.39321260000000 8.55748140000000 756.51995849609375 
47.39371540000000 8.55748150000000 754.19042968750000 
47.39421820000000 8.55748150000000 751.86083984375000 
47.39479060000000 8.55783170000000 748.99066162109375 
47.39513920000000 8.55851210000000 746.12054443359375 
47.39529730000000 8.55907590000000 744.20715332031250 
47.39506010000000 8.55992120000000 741.33703613281250 
47.39459960000000 8.56043650000000 738.46691894531250 
47.39421800000000 8.56066980000000 739.98321533203125 
47.39375560000000 8.56030930000000 742.40618896484375 
47.39329310000000 8.55994870000000 744.82916259765625 
47.39283050000000 8.55958800000000 747.25219726562500 
47.39236810000000 8.55922740000000 749.67517089843750 
47.39190560000000 8.55886670000000 752.09814453125000 
47.39144300000000 8.55850620000000 754.52111816406250 
47.39098060000000 8.55814560000000 756.94415283203125 
47.39089070000000 8.55814560000000 756.94415283203125 
47.39064220000000 8.55814550000000 758.09497070312500 
47.39014540000000 8.55814530000000 760.39666748046875 
47.38964860000000 8.55814530000000 762.69830322265625 
47.38915180000000 8.55814520000000 765.00000000000000 
47.38865510000000 8.55814500000000 762.69830322265625 
47.38815830000000 8.55814500000000 761.48114013671875 
47.38758600000000 8.55849510000000 764.35131835937500 
47.38723720000000 8.55917530000000 767.22143554687500 
47.38707910000000 8.55973890000000 769.13482666015625 
47.38731610000000 8.56058410000000 772.00494384765625 
47.38777650000000 8.56109940000000 774.87506103515625 
47.38815820000000 8.56133300000000 776.78851318359375 
47.38862070000000 8.56097250000000 776.78851318359375 
47.38908310000000 8.56061190000000 774.36553955078125 
47.38954580000000 8.56025150000000 771.94250488281250 
47.39000830000000 8.55989100000000 769.51953125000000 
47.39047070000000 8.55953050000000 767.09655761718750 
47.39093330000000 8.55917000000000 764.67352294921875 
47.39139590000000 8.55880940000000 762.25054931640625 
47.39148580000000 8.55880940000000 762.25054931640625 
47.39173940000000 8.55880940000000 761.07531738281250 
47.39224670000000 8.55880960000000 758.72485351562500 
47.39275410000000 8.55880970000000 756.37445068359375 
47.39326140000000 8.55880990000000 754.02398681640625 
47.39376860000000 8.55881000000000 751.67352294921875 
47.39427600000000 8.55881000000000 749.32305908203125 
47.39484830000000 8.55916030000000 746.45294189453125 
47.39519710000000 8.55984080000000 743.58282470703125 
47.39535500000000 8.56040440000000 744.09521484375000 
47.39511790000000 8.56124970000000 746.96533203125000 
47.39465740000000 8.56176500000000 749.83544921875000 
47.39427570000000 8.56199840000000 751.74890136718750 
47.39381330000000 8.56163780000000 754.17187500000000 
47.39335080000000 8.56127710000000 756.59490966796875 
47.39288830000000 8.56091650000000 759.01788330078125 
47.39242590000000 8.56055580000000 761.44085693359375 
47.39196330000000 8.56019510000000 763.86383056640625 
47.39150080000000 8.55983460000000 766.28686523437500 
47.39103840000000 8.55947400000000 768.70983886718750 
47.39094850000000 8.55947400000000 768.70983886718750 
47.39069780000000 8.55947390000000 769.87109375000000 
47.39019640000000 8.55947370000000 772.19366455078125 
47.38969520000000 8.55947370000000 774.51617431640625 
47.38919380000000 8.55947360000000 776.83874511718750 
47.38869270000000 8.55947350000000 776.83874511718750 
47.38819130000000 8.55947340000000 774.51617431640625 
47.38761900000000 8.55982330000000 771.64605712890625 
47.38711200000000 8.56106720000000 772.08660888671875 
47.38742810000000 8.56219430000000 772.08660888671875 
47.38800030000000 8.56254450000000 769.21643066406250 
47.38842230000000 8.56248110000000 767.04827880859375 
47.38888490000000 8.56212060000000 764.62524414062500 
47.38934750000000 8.56176020000000 762.20227050781250 
47.38981000000000 8.56139960000000 762.00000000000000 
47.39027240000000 8.56103920000000 759.57702636718750 
47.39073510000000 8.56067870000000 757.15399169921875 
47.39119760000000 8.56031810000000 754.73101806640625 
47.39142880000000 8.56013780000000 753.51953125000000 
47.39151880000000 8.56013780000000 750.00000000000000 
47.39279820000000 8.56013810000000 748.62866210937500 
47.39331010000000 8.56013830000000 746.25738525390625 
47.39382200000000 8.56013840000000 743.88604736328125 
47.39433380000000 8.56013860000000 741.51470947265625 
47.39490610000000 8.56048890000000 741.71313476562500 
47.39525470000000 8.56116930000000 744.58325195312500 
47.39541270000000 8.56173280000000 746.49664306640625 
47.39517560000000 8.56257840000000 749.36676025390625 
47.39471510000000 8.56309360000000 752.23693847656250 
47.39433340000000 8.56332690000000 754.15032958984375 
47.39387100000000 8.56296630000000 756.57330322265625 
47.39340860000000 8.56260560000000 758.99633789062500 
47.39294600000000 8.56224490000000 761.41931152343750 
47.39248360000000 8.56188420000000 763.84228515625000 
47.39202110000000 8.56152370000000 766.26525878906250 
47.39155850000000 8.56116310000000 768.68829345703125 
47.39109610000000 8.56080240000000 771.11126708984375 
47.39100620000000 8.56080240000000 771.11126708984375 
47.39075330000000 8.56080220000000 772.28295898437500 
47.39024750000000 8.56080220000000 774.62640380859375 
47.38974160000000 8.56080210000000 776.96978759765625 
47.38923580000000 8.56080190000000 779.31317138671875 
47.38873000000000 8.56080180000000 781.65661621093750 
47.38822430000000 8.56080160000000 784.00000000000000 
47.38765190000000 8.56115180000000 781.12988281250000 
47.38730300000000 8.56183190000000 778.25976562500000 
47.38714490000000 8.56239540000000 776.34631347656250 
47.38738190000000 8.56324090000000 773.47619628906250 
47.38784260000000 8.56375620000000 770.60607910156250 
47.38822400000000 8.56398970000000 768.69268798828125 
47.38868660000000 8.56362920000000 766.26965332031250 
47.38914920000000 8.56326880000000 763.84667968750000 
47.38961160000000 8.56290830000000 761.78851318359375 
47.39007420000000 8.56254770000000 759.36553955078125 
47.39053680000000 8.56218730000000 756.94250488281250 
47.39099930000000 8.56182680000000 754.51953125000000 
47.39146170000000 8.56146630000000 752.09655761718750 
47.39155170000000 8.56146630000000 752.09655761718750 
47.39180990000000 8.56146640000000 750.90045166015625 
47.39232620000000 8.56146650000000 748.50823974609375 
47.39284250000000 8.56146670000000 746.11608886718750 
47.39335880000000 8.56146680000000 743.72387695312500 
47.39387510000000 8.56146680000000 741.33172607421875 
47.39439150000000 8.56146710000000 738.93951416015625 
47.39496380000000 8.56181730000000 736.06939697265625 
47.39539150000000 8.56277950000000 736.48614501953125 
47.39531240000000 8.56362510000000 739.35626220703125 
47.39515430000000 8.56418860000000 741.26971435546875 
47.39458200000000 8.56453880000000 744.13983154296875 
47.39416000000000 8.56447500000000 746.30804443359375 
47.39369740000000 8.56411440000000 748.73101806640625 
47.39323500000000 8.56375370000000 751.15399169921875 
47.39277260000000 8.56339300000000 753.57702636718750 
47.39231000000000 8.56303250000000 756.00000000000000 
47.39161630000000 8.56249150000000 754.78851318359375 
47.39115390000000 8.56213080000000 752.36553955078125 
47.39106390000000 8.56213080000000 754.08929443359375 
47.39080870000000 8.56213080000000 755.27148437500000 
47.39029850000000 8.56213060000000 757.63574218750000 
47.38978820000000 8.56213050000000 760.00000000000000 
47.38902280000000 8.56213030000000 758.00000000000000 
47.38851250000000 8.56213000000000 759.86114501953125 
47.38787560000000 8.56236330000000 763.00000000000000 
47.38749420000000 8.56259680000000 764.00000000000000 
47.38725700000000 8.56344210000000 765.38964843750000 
47.38733600000000 8.56428740000000 768.25976562500000 
47.38749390000000 8.56485090000000 770.17315673828125 
47.38806620000000 8.56520130000000 773.04327392578125 
47.38848830000000 8.56513780000000 772.78851318359375 
47.38895070000000 8.56477730000000 770.36553955078125 
47.38941330000000 8.56441690000000 767.94250488281250 
47.38987590000000 8.56405640000000 765.51953125000000 
47.39033840000000 8.56369600000000 763.09655761718750 
47.39080090000000 8.56333540000000 760.67352294921875 
47.39126350000000 8.56297500000000 758.25054931640625 
47.39149470000000 8.56279470000000 757.03906250000000 
47.39158460000000 8.56279470000000 756.58697509765625 
47.39184510000000 8.56279470000000 757.79345703125000 
47.39236580000000 8.56279500000000 757.79345703125000 
47.39288680000000 8.56279500000000 755.38043212890625 
47.39340750000000 8.56279530000000 752.96740722656250 
47.39392840000000 8.56279530000000 750.55432128906250 
47.39444910000000 8.56279560000000 748.14129638671875 
47.39502150000000 8.56314590000000 745.27117919921875 
47.39537020000000 8.56382620000000 742.40106201171875 
47.39552820000000 8.56439000000000 740.48760986328125 
47.39529100000000 8.56523530000000 737.61749267578125 
47.39483050000000 8.56575060000000 734.74737548828125 
47.39444890000000 8.56598400000000 736.03906250000000 
47.39398630000000 8.56562330000000 738.46203613281250 
47.39352400000000 8.56526250000000 740.88500976562500 
47.39306140000000 8.56490180000000 743.30804443359375 
47.39259900000000 8.56454110000000 745.73101806640625 
47.39213650000000 8.56418060000000 748.15399169921875 
47.39167400000000 8.56381990000000 750.57702636718750 
47.39121160000000 8.56345930000000 753.00000000000000 
47.39112170000000 8.56345930000000 755.84460449218750 
47.39086420000000 8.56345920000000 757.03717041015625 
47.39034950000000 8.56345900000000 759.42230224609375 
47.38983460000000 8.56345880000000 761.80743408203125 
47.38829030000000 8.56345840000000 764.00000000000000 
47.38752710000000 8.56392500000000 764.08660888671875 
47.38721090000000 8.56505220000000 765.00000000000000 
47.38744790000000 8.56589750000000 767.08660888671875 
47.38828980000000 8.56664640000000 767.08660888671875 
47.38898370000000 8.56610570000000 768.00000000000000 
47.38944620000000 8.56574530000000 765.57702636718750 
47.38990880000000 8.56538480000000 763.15399169921875 
47.39037140000000 8.56502440000000 760.73101806640625 
47.39083380000000 8.56466390000000 758.30804443359375 
47.39129630000000 8.56430340000000 755.88500976562500 
47.39152770000000 8.56412310000000 754.67352294921875 
47.39161750000000 8.56412310000000 754.67352294921875 
47.39188020000000 8.56412330000000 753.45660400390625 
47.39240550000000 8.56412340000000 751.02270507812500 
47.39293100000000 8.56412360000000 748.58874511718750 
47.39345620000000 8.56412370000000 746.15484619140625 
47.39398150000000 8.56412390000000 743.72094726562500 
47.39450700000000 8.56412400000000 741.28704833984375 
47.39507920000000 8.56447440000000 738.41687011718750 
47.39542790000000 8.56515490000000 735.54675292968750 
47.39558590000000 8.56571860000000 736.35540771484375 
47.39534880000000 8.56656400000000 739.22552490234375 
47.39488810000000 8.56707900000000 742.09564208984375 
47.39450660000000 8.56731250000000 744.00903320312500 
47.39404400000000 8.56695180000000 746.43206787109375 
47.39358170000000 8.56659110000000 748.85504150390625 
47.39311920000000 8.56623040000000 751.27801513671875 
47.39265660000000 8.56586970000000 753.70104980468750 
47.39219420000000 8.56550900000000 756.12402343750000 
47.39173170000000 8.56514840000000 758.54699707031250 
47.39126930000000 8.56478770000000 760.96997070312500 
47.39117940000000 8.56478770000000 760.96997070312500 
47.39091970000000 8.56478750000000 762.17297363281250 
47.39040040000000 8.56478740000000 764.57897949218750 
47.38988100000000 8.56478720000000 766.98498535156250 
47.38936170000000 8.56478710000000 769.39099121093750 
47.38884240000000 8.56478690000000 771.79699707031250 
47.38832310000000 8.56478660000000 773.00000000000000 
47.38794160000000 8.56502010000000 771.00000000000000 
47.38756000000000 8.56525340000000 769.08660888671875 
47.38732290000000 8.56609870000000 766.21643066406250 
47.38755980000000 8.56750770000000 767.00000000000000 
47.38832280000000 8.56797480000000 768.04327392578125 
47.38878530000000 8.56761420000000 765.62030029296875 
47.38924790000000 8.56725380000000 763.19732666015625 
47.38971050000000 8.56689340000000 760.77429199218750 
47.39017300000000 8.56653300000000 758.35131835937500 
47.39063550000000 8.56617250000000 755.92834472656250 
47.39109810000000 8.56581210000000 753.50531005859375 
47.39156060000000 8.56545160000000 751.08233642578125 
47.39165060000000 8.56545160000000 751.08233642578125 
47.39191540000000 8.56545160000000 749.85498046875000 
47.39244530000000 8.56545190000000 747.40020751953125 
47.39297510000000 8.56545210000000 744.94537353515625 
47.39350500000000 8.56545220000000 742.49060058593750 
47.39403480000000 8.56545240000000 740.03582763671875 
47.39456450000000 8.56545260000000 737.58105468750000 
47.39513690000000 8.56580290000000 734.71093750000000 
47.39548560000000 8.56648330000000 731.84082031250000 
47.39564360000000 8.56704710000000 732.46447753906250 
47.39540650000000 8.56789240000000 735.33459472656250 
47.39494570000000 8.56840770000000 738.20477294921875 
47.39456430000000 8.56864100000000 740.11816406250000 
47.39410180000000 8.56828030000000 742.54113769531250 
47.39363920000000 8.56791960000000 744.96417236328125 
47.39317690000000 8.56755890000000 747.38714599609375 
47.39271430000000 8.56719820000000 749.81011962890625 
47.39225190000000 8.56683750000000 752.23309326171875 
47.39178940000000 8.56647680000000 754.65612792968750 
47.39132690000000 8.56611610000000 757.07910156250000 
47.39123710000000 8.56611610000000 757.07910156250000 
47.39097510000000 8.56611590000000 758.29254150390625 
47.39045120000000 8.56611580000000 760.71942138671875 
47.38992750000000 8.56611560000000 763.14624023437500 
47.38940360000000 8.56611550000000 765.57312011718750 
47.38887990000000 8.56611530000000 768.00000000000000 
47.38835600000000 8.56611510000000 769.00000000000000 
47.38759290000000 8.56658180000000 768.00000000000000 
47.38727670000000 8.56770880000000 768.00000000000000 
47.38751370000000 8.56855420000000 767.00000000000000 
47.38797410000000 8.56906950000000 764.12988281250000 
47.38835570000000 8.56930300000000 762.21643066406250 
47.38881820000000 8.56894260000000 759.79345703125000 
47.38928070000000 8.56858220000000 757.37048339843750 
47.38974340000000 8.56822180000000 754.94750976562500 
47.39020590000000 8.56786140000000 752.52447509765625 
47.39066840000000 8.56750080000000 750.10150146484375 
47.39113090000000 8.56714040000000 747.67852783203125 
47.39159360000000 8.56678000000000 745.25549316406250 
47.39168350000000 8.56678000000000 745.25549316406250 
47.39195060000000 8.56678020000000 744.01770019531250 
47.39248500000000 8.56678030000000 741.54205322265625 
47.39301930000000 8.56678050000000 739.06640625000000 
47.39355370000000 8.56678060000000 736.59075927734375 
47.39408790000000 8.56678090000000 734.11511230468750 
47.39462220000000 8.56678110000000 731.63946533203125 
47.39519450000000 8.56713150000000 728.76934814453125 
47.39554330000000 8.56781200000000 731.00946044921875 
47.39570130000000 8.56837560000000 732.92285156250000 
47.39546410000000 8.56922090000000 735.79296875000000 
47.39500350000000 8.56973620000000 738.66314697265625 
47.39462190000000 8.56996940000000 740.57653808593750 
47.39415940000000 8.56960870000000 742.99951171875000 
47.39369690000000 8.56924810000000 745.42254638671875 
47.39323450000000 8.56888740000000 747.84552001953125 
47.39277200000000 8.56852670000000 750.26849365234375 
47.39230960000000 8.56816600000000 752.69152832031250 
47.39184710000000 8.56780530000000 755.11450195312500 
47.39138460000000 8.56744460000000 757.53747558593750 
47.39129460000000 8.56744440000000 757.53747558593750 
47.39103060000000 8.56744440000000 758.76135253906250 
47.39050220000000 8.56744410000000 761.20910644531250 
47.38997390000000 8.56744400000000 763.65679931640625 
47.38944550000000 8.56744380000000 766.10455322265625 
47.38891720000000 8.56744350000000 768.55224609375000 
47.38838890000000 8.56744350000000 771.00000000000000 
47.38781660000000 8.56779340000000 769.08660888671875 
47.38746760000000 8.56847350000000 767.00000000000000 
47.38730950000000 8.56903700000000 766.00000000000000 
47.38754660000000 8.56988250000000 763.12988281250000 
47.38800700000000 8.57039790000000 760.25976562500000 
47.38838860000000 8.57063150000000 758.34631347656250 
47.38885100000000 8.57027110000000 755.92333984375000 
47.38931360000000 8.56991060000000 753.50036621093750 
47.38977620000000 8.56955020000000 751.07733154296875 
47.39023880000000 8.56918980000000 748.65435791015625 
47.39070120000000 8.56882940000000 746.23138427734375 
47.39116380000000 8.56846880000000 743.80834960937500 
47.39162640000000 8.56810840000000 741.38537597656250 
47.39171640000000 8.56810840000000 741.38537597656250 
47.39198580000000 8.56810860000000 740.13714599609375 
47.39252450000000 8.56810870000000 737.64062500000000 
47.39306340000000 8.56810900000000 735.14410400390625 
47.39360230000000 8.56810920000000 732.64758300781250 
47.39414120000000 8.56810930000000 730.15112304687500 
47.39468000000000 8.56810960000000 727.65460205078125 
47.39525220000000 8.56846000000000 724.78448486328125 
47.39568000000000 8.56942230000000 725.08569335937500 
47.39560070000000 8.57026780000000 727.95581054687500 
47.39544260000000 8.57083140000000 729.86926269531250 
47.39487030000000 8.57118140000000 732.73937988281250 
47.39444830000000 8.57111770000000 734.90759277343750 
47.39398570000000 8.57075680000000 737.33056640625000 
47.39352340000000 8.57039620000000 739.75354003906250 
47.39306080000000 8.57003550000000 742.17657470703125 
47.39259850000000 8.56967480000000 744.59954833984375 
47.39213600000000 8.56931410000000 747.02252197265625 
47.39167340000000 8.56895340000000 749.44555664062500 
47.39144230000000 8.56877300000000 750.65704345703125 
47.39135230000000 8.56877300000000 750.65704345703125 
47.39108600000000 8.56877280000000 751.89129638671875 
47.39055320000000 8.56877270000000 754.35992431640625 
47.39002020000000 8.56877240000000 756.82849121093750 
47.38948750000000 8.56877220000000 759.29711914062500 
47.38895470000000 8.56877190000000 761.76568603515625 
47.38842190000000 8.56877180000000 763.00000000000000 
47.38765860000000 8.56923840000000 763.00000000000000 
47.38742140000000 8.57008370000000 761.08660888671875 
47.38750040000000 8.57092900000000 758.21643066406250 
47.38765840000000 8.57149270000000 756.30303955078125 
47.38823070000000 8.57184300000000 753.43292236328125 
47.38865260000000 8.57177960000000 751.26470947265625 
47.38911530000000 8.57141920000000 748.84173583984375 
47.38957780000000 8.57105880000000 746.41870117187500 
47.39004030000000 8.57069840000000 743.99572753906250 
47.39050290000000 8.57033800000000 741.57275390625000 
47.39096550000000 8.56997760000000 739.14978027343750 
47.39142800000000 8.56961710000000 736.72674560546875 
47.39165930000000 8.56943690000000 735.51525878906250 
47.39174930000000 8.56943690000000 735.51525878906250 
47.39199830000000 8.56943690000000 734.36145019531250 
47.39249640000000 8.56943720000000 732.05389404296875 
47.39299440000000 8.56943740000000 729.74627685546875 
47.39349250000000 8.56943770000000 727.43872070312500 
47.39399050000000 8.56943790000000 725.13110351562500 
47.39448850000000 8.56943810000000 722.82348632812500 
47.39511910000000 8.56967180000000 719.75628662109375 
47.39550070000000 8.56990530000000 717.84289550781250 
47.39573750000000 8.57075090000000 714.97277832031250 
47.39565830000000 8.57159630000000 712.10260009765625 
47.39550020000000 8.57215980000000 710.18920898437500 
47.39492790000000 8.57250990000000 707.31909179687500 
47.39450590000000 8.57244620000000 705.15087890625000 
47.39358100000000 8.57172460000000 706.09655761718750 
47.39311860000000 8.57136390000000 708.51953125000000 
47.39265600000000 8.57100320000000 710.94250488281250 
47.39219360000000 8.57064250000000 713.36553955078125 
47.39173110000000 8.57028180000000 715.78851318359375 
47.39150000000000 8.57010140000000 717.00000000000000 
47.39141000000000 8.57010140000000 742.04644775390625 
47.39114110000000 8.57010130000000 743.29260253906250 
47.39060310000000 8.57010110000000 745.78485107421875 
47.39006510000000 8.57010090000000 748.27709960937500 
47.38952730000000 8.57010060000000 750.76934814453125 
47.38898940000000 8.57010040000000 753.26159667968750 
47.38845140000000 8.57010010000000 755.75384521484375 
47.38764450000000 8.57009980000000 758.75384521484375 
47.38737560000000 8.57009980000000 760.00000000000000 
