47.39769590000000 8.55031990000000 50.00000000000000 
47.39476750000000 8.55150340000000 619.00000000000000 
47.39450680000000 8.55150340000000 624.00000000000000 
47.39372530000000 8.55150340000000 629.00000000000000 
47.39294350000000 8.55150340000000 635.00000000000000 
47.39242240000000 8.55150340000000 641.00000000000000 
47.39164090000000 8.55150340000000 647.00000000000000 
47.39059870000000 8.55150330000000 651.00000000000000 
47.38981700000000 8.55150330000000 651.00000000000000 
47.38929590000000 8.55150330000000 653.00000000000000 
47.38877480000000 8.55150330000000 651.00000000000000 
47.38799310000000 8.55150330000000 650.00000000000000 
47.38761160000000 8.55173680000000 651.00000000000000 
47.38723000000000 8.55197020000000 655.00000000000000 
47.38707190000000 8.55253370000000 665.00000000000000 
47.38691400000000 8.55309720000000 672.00000000000000 
47.38707190000000 8.55366080000000 683.00000000000000 
47.38723000000000 8.55422430000000 692.00000000000000 
47.38780240000000 8.55457460000000 704.00000000000000 
47.38891820000000 8.55397020000000 706.00000000000000 
47.38938060000000 8.55360960000000 708.00000000000000 
47.39007430000000 8.55306880000000 691.00000000000000 
47.39076810000000 8.55252790000000 673.00000000000000 
47.39123070000000 8.55216740000000 665.00000000000000 
47.39132060000000 8.55216740000000 669.00000000000000 
47.39158730000000 8.55216740000000 665.00000000000000 
47.39212050000000 8.55216740000000 655.00000000000000 
47.39292040000000 8.55216750000000 650.00000000000000 
47.39345360000000 8.55216750000000 642.00000000000000 
47.39398690000000 8.55216750000000 637.00000000000000 
47.39436860000000 8.55240100000000 641.00000000000000 
47.39475000000000 8.55263450000000 640.00000000000000 
47.39490800000000 8.55319810000000 650.00000000000000 
47.39506610000000 8.55376180000000 665.00000000000000 
47.39490800000000 8.55432540000000 672.00000000000000 
47.39475000000000 8.55488910000000 688.00000000000000 
47.39417780000000 8.55523910000000 692.00000000000000 
47.39329310000000 8.55481500000000 691.00000000000000 
47.39259940000000 8.55427420000000 686.00000000000000 
47.39167440000000 8.55355310000000 695.00000000000000 
47.39121180000000 8.55319250000000 690.00000000000000 
47.39074940000000 8.55283190000000 679.00000000000000 
47.39065950000000 8.55283190000000 682.00000000000000 
47.39013270000000 8.55283190000000 685.00000000000000 
47.38960610000000 8.55283180000000 688.00000000000000 
47.38881620000000 8.55283170000000 689.00000000000000 
47.38828960000000 8.55283170000000 683.00000000000000 
47.38783550000000 8.55294840000000 681.00000000000000 
47.38745390000000 8.55318170000000 676.00000000000000 
47.38718410000000 8.55358030000000 685.00000000000000 
47.38694700000000 8.55442560000000 689.00000000000000 
47.38710510000000 8.55498920000000 699.00000000000000 
47.38726310000000 8.55555270000000 703.00000000000000 
47.38764450000000 8.55578620000000 713.00000000000000 
47.38802620000000 8.55601970000000 721.00000000000000 
47.38895120000000 8.55529860000000 725.00000000000000 
47.38964490000000 8.55475770000000 718.00000000000000 
47.39033870000000 8.55421690000000 703.00000000000000 
47.39080120000000 8.55385630000000 702.00000000000000 
47.39126380000000 8.55349580000000 699.00000000000000 
47.39135360000000 8.55349580000000 699.00000000000000 
47.39162280000000 8.55349580000000 695.00000000000000 
47.39216090000000 8.55349590000000 682.00000000000000 
47.39269920000000 8.55349590000000 681.00000000000000 
47.39323750000000 8.55349590000000 675.00000000000000 
47.39377570000000 8.55349610000000 671.00000000000000 
47.39442640000000 8.55372960000000 668.00000000000000 
47.39480780000000 8.55396300000000 668.00000000000000 
47.39496590000000 8.55452670000000 672.00000000000000 
47.39512390000000 8.55509030000000 681.00000000000000 
47.39496580000000 8.55565390000000 689.00000000000000 
47.39480780000000 8.55621760000000 694.00000000000000 
47.39442630000000 8.55645090000000 697.00000000000000 
47.39404470000000 8.55668450000000 706.00000000000000 
47.39358230000000 8.55632380000000 714.00000000000000 
47.39311980000000 8.55596330000000 708.00000000000000 
47.39265720000000 8.55560270000000 704.00000000000000 
47.39196340000000 8.55506170000000 708.00000000000000 
47.39150100000000 8.55470120000000 713.00000000000000 
47.39103850000000 8.55434060000000 712.00000000000000 
47.39080720000000 8.55416030000000 706.00000000000000 
47.39071730000000 8.55416030000000 706.00000000000000 
47.39045150000000 8.55416030000000 704.00000000000000 
47.38991980000000 8.55416020000000 706.00000000000000 
47.38938830000000 8.55416020000000 714.00000000000000 
47.38885670000000 8.55416000000000 710.00000000000000 
47.38832500000000 8.55416000000000 709.00000000000000 
47.38786840000000 8.55427660000000 700.00000000000000 
47.38748700000000 8.55451010000000 699.00000000000000 
47.38721710000000 8.55490850000000 699.00000000000000 
47.38698000000000 8.55575380000000 703.00000000000000 
47.38713810000000 8.55631750000000 708.00000000000000 
47.38729610000000 8.55688110000000 715.00000000000000 
47.38767770000000 8.55711440000000 734.00000000000000 
47.38805920000000 8.55734800000000 742.00000000000000 
47.38852170000000 8.55698750000000 745.00000000000000 
47.38898410000000 8.55662690000000 745.00000000000000 
47.38967790000000 8.55608610000000 741.00000000000000 
47.39014050000000 8.55572550000000 737.00000000000000 
47.39060300000000 8.55536500000000 725.00000000000000 
47.39106540000000 8.55500440000000 719.00000000000000 
47.39129680000000 8.55482410000000 713.00000000000000 
47.39138670000000 8.55482410000000 713.00000000000000 
47.39163360000000 8.55482410000000 706.00000000000000 
47.39212740000000 8.55482430000000 701.00000000000000 
47.39286810000000 8.55482440000000 693.00000000000000 
47.39360880000000 8.55482450000000 693.00000000000000 
47.39410270000000 8.55482460000000 691.00000000000000 
47.39448420000000 8.55505810000000 688.00000000000000 
47.39486560000000 8.55529140000000 685.00000000000000 
47.39518170000000 8.55641880000000 688.00000000000000 
47.39502360000000 8.55698250000000 697.00000000000000 
47.39486560000000 8.55754610000000 698.00000000000000 
47.39448410000000 8.55777940000000 713.00000000000000 
47.39410250000000 8.55801290000000 726.00000000000000 
47.39364010000000 8.55765220000000 736.00000000000000 
47.39271500000000 8.55693110000000 730.00000000000000 
47.39225260000000 8.55657050000000 733.00000000000000 
47.39179000000000 8.55620980000000 723.00000000000000 
47.39086510000000 8.55548870000000 728.00000000000000 
47.39077510000000 8.55548870000000 728.00000000000000 
47.39050680000000 8.55548870000000 730.00000000000000 
47.38997020000000 8.55548860000000 736.00000000000000 
47.38916530000000 8.55548840000000 732.00000000000000 
47.38862890000000 8.55548840000000 724.00000000000000 
47.38809220000000 8.55548830000000 718.00000000000000 
47.38751990000000 8.55583850000000 708.00000000000000 
47.38725010000000 8.55623690000000 707.00000000000000 
47.38709200000000 8.55680050000000 711.00000000000000 
47.38709200000000 8.55736400000000 729.00000000000000 
47.38725000000000 8.55792760000000 737.00000000000000 
47.38751990000000 8.55832610000000 749.00000000000000 
47.38790130000000 8.55855950000000 760.00000000000000 
47.38832350000000 8.55849610000000 769.00000000000000 
47.38878590000000 8.55813560000000 762.00000000000000 
47.38924850000000 8.55777500000000 759.00000000000000 
47.39017340000000 8.55705390000000 746.00000000000000 
47.39063600000000 8.55669340000000 736.00000000000000 
47.39132980000000 8.55615250000000 725.00000000000000 
47.39141980000000 8.55615250000000 725.00000000000000 
47.39166890000000 8.55615270000000 723.00000000000000 
47.39241630000000 8.55615280000000 719.00000000000000 
47.39366220000000 8.55615300000000 711.00000000000000 
47.39416050000000 8.55615310000000 703.00000000000000 
47.39473280000000 8.55650330000000 695.00000000000000 
47.39500260000000 8.55690190000000 697.00000000000000 
47.39523950000000 8.55774740000000 701.00000000000000 
47.39508140000000 8.55831100000000 715.00000000000000 
47.39492330000000 8.55887460000000 729.00000000000000 
47.39454190000000 8.55910800000000 732.00000000000000 
47.39416020000000 8.55934130000000 731.00000000000000 
47.39323530000000 8.55862020000000 737.00000000000000 
47.39277270000000 8.55825960000000 735.00000000000000 
47.39207900000000 8.55771860000000 738.00000000000000 
47.39138520000000 8.55717780000000 735.00000000000000 
47.39092280000000 8.55681720000000 735.00000000000000 
47.39083290000000 8.55681720000000 735.00000000000000 
47.39058680000000 8.55681710000000 741.00000000000000 
47.39009440000000 8.55681690000000 751.00000000000000 
47.38935610000000 8.55681690000000 753.00000000000000 
47.38886370000000 8.55681680000000 748.00000000000000 
47.38837150000000 8.55681660000000 743.00000000000000 
47.38774370000000 8.55705010000000 728.00000000000000 
47.38736220000000 8.55728350000000 726.00000000000000 
47.38720420000000 8.55784690000000 734.00000000000000 
47.38704610000000 8.55841060000000 732.00000000000000 
47.38720410000000 8.55897410000000 751.00000000000000 
47.38736210000000 8.55953770000000 764.00000000000000 
47.38774360000000 8.55977120000000 771.00000000000000 
47.38812520000000 8.56000470000000 774.00000000000000 
47.38858760000000 8.55964420000000 779.00000000000000 
47.38905030000000 8.55928370000000 772.00000000000000 
47.38951280000000 8.55892310000000 765.00000000000000 
47.38997520000000 8.55856260000000 752.00000000000000 
47.39043780000000 8.55820200000000 746.00000000000000 
47.39090030000000 8.55784160000000 742.00000000000000 
47.39136290000000 8.55748090000000 737.00000000000000 
47.39145270000000 8.55748090000000 737.00000000000000 
47.39170420000000 8.55748110000000 739.00000000000000 
47.39220700000000 8.55748120000000 734.00000000000000 
47.39296110000000 8.55748120000000 739.00000000000000 
47.39371540000000 8.55748150000000 733.00000000000000 
47.39421820000000 8.55748150000000 720.00000000000000 
47.39459970000000 8.55771510000000 705.00000000000000 
47.39498130000000 8.55794860000000 707.00000000000000 
47.39513920000000 8.55851210000000 720.00000000000000 
47.39529730000000 8.55907590000000 724.00000000000000 
47.39498110000000 8.56020300000000 726.00000000000000 
47.39459960000000 8.56043650000000 734.00000000000000 
47.39421800000000 8.56066980000000 733.00000000000000 
47.39375560000000 8.56030930000000 733.00000000000000 
47.39306180000000 8.55976840000000 738.00000000000000 
47.39259930000000 8.55940770000000 747.00000000000000 
47.39190560000000 8.55886670000000 740.00000000000000 
47.39144300000000 8.55850620000000 747.00000000000000 
47.39098060000000 8.55814560000000 742.00000000000000 
47.39089070000000 8.55814560000000 744.00000000000000 
47.39064220000000 8.55814550000000 748.00000000000000 
47.38989710000000 8.55814530000000 756.00000000000000 
47.38940030000000 8.55814530000000 763.00000000000000 
47.38890360000000 8.55814520000000 762.00000000000000 
47.38815830000000 8.55814500000000 755.00000000000000 
47.38777680000000 8.55837840000000 755.00000000000000 
47.38739520000000 8.55861180000000 754.00000000000000 
47.38723720000000 8.55917530000000 754.00000000000000 
47.38707910000000 8.55973890000000 751.00000000000000 
47.38739510000000 8.56086590000000 772.00000000000000 
47.38796740000000 8.56121630000000 775.00000000000000 
47.38838940000000 8.56115280000000 778.00000000000000 
47.38931450000000 8.56043180000000 769.00000000000000 
47.38977690000000 8.56007120000000 766.00000000000000 
47.39023950000000 8.55971080000000 751.00000000000000 
47.39070210000000 8.55935010000000 751.00000000000000 
47.39139590000000 8.55880940000000 749.00000000000000 
47.39148580000000 8.55880940000000 749.00000000000000 
47.39173940000000 8.55880940000000 743.00000000000000 
47.39224670000000 8.55880960000000 738.00000000000000 
47.39275410000000 8.55880970000000 741.00000000000000 
47.39326140000000 8.55880990000000 735.00000000000000 
47.39427600000000 8.55881000000000 732.00000000000000 
47.39503910000000 8.55927700000000 729.00000000000000 
47.39519710000000 8.55984080000000 726.00000000000000 
47.39535500000000 8.56040440000000 722.00000000000000 
47.39511790000000 8.56124970000000 729.00000000000000 
47.39484820000000 8.56164840000000 730.00000000000000 
47.39446660000000 8.56188180000000 733.00000000000000 
47.39381330000000 8.56163780000000 739.00000000000000 
47.39242590000000 8.56055580000000 746.00000000000000 
47.39103840000000 8.55947400000000 753.00000000000000 
47.39094850000000 8.55947400000000 751.00000000000000 
47.39044710000000 8.55947390000000 749.00000000000000 
47.38994590000000 8.55947370000000 757.00000000000000 
47.38944460000000 8.55947360000000 771.00000000000000 
47.38894330000000 8.55947350000000 778.00000000000000 
47.38844200000000 8.55947340000000 773.00000000000000 
47.38761900000000 8.55982330000000 766.00000000000000 
47.38734910000000 8.56022190000000 762.00000000000000 
47.38719100000000 8.56078540000000 766.00000000000000 
47.38719100000000 8.56134900000000 772.00000000000000 
47.38734900000000 8.56191260000000 772.00000000000000 
47.38780960000000 8.56242790000000 763.00000000000000 
47.38819110000000 8.56266140000000 761.00000000000000 
47.38865370000000 8.56230090000000 757.00000000000000 
47.38981000000000 8.56139960000000 762.00000000000000 
47.39027240000000 8.56103920000000 749.00000000000000 
47.39119760000000 8.56031810000000 748.00000000000000 
47.39142880000000 8.56013780000000 750.00000000000000 
47.39151880000000 8.56013780000000 750.00000000000000 
47.39254230000000 8.56013810000000 748.00000000000000 
47.39305410000000 8.56013830000000 736.00000000000000 
47.39407790000000 8.56013840000000 730.00000000000000 
47.39452440000000 8.56025530000000 731.00000000000000 
47.39490610000000 8.56048890000000 728.00000000000000 
47.39517570000000 8.56088740000000 723.00000000000000 
47.39541270000000 8.56173280000000 721.00000000000000 
47.39517560000000 8.56257840000000 721.00000000000000 
47.39452430000000 8.56321030000000 726.00000000000000 
47.39410230000000 8.56314660000000 730.00000000000000 
47.39340860000000 8.56260560000000 736.00000000000000 
47.39248360000000 8.56188420000000 740.00000000000000 
47.39202110000000 8.56152370000000 744.00000000000000 
47.39109610000000 8.56080240000000 745.00000000000000 
47.39100620000000 8.56080240000000 745.00000000000000 
47.38999450000000 8.56080220000000 755.00000000000000 
47.38923580000000 8.56080190000000 762.00000000000000 
47.38873000000000 8.56080180000000 776.00000000000000 
47.38822430000000 8.56080160000000 784.00000000000000 
47.38784280000000 8.56103510000000 772.00000000000000 
47.38746120000000 8.56126840000000 773.00000000000000 
47.38730300000000 8.56183190000000 772.00000000000000 
47.38714490000000 8.56239540000000 766.00000000000000 
47.38738190000000 8.56324090000000 760.00000000000000 
47.38784260000000 8.56375620000000 764.00000000000000 
47.38822400000000 8.56398970000000 766.00000000000000 
47.38868660000000 8.56362920000000 763.00000000000000 
47.38961160000000 8.56290830000000 760.00000000000000 
47.39007420000000 8.56254770000000 756.00000000000000 
47.39076800000000 8.56200700000000 748.00000000000000 
47.39123060000000 8.56164660000000 745.00000000000000 
47.39146170000000 8.56146630000000 743.00000000000000 
47.39155170000000 8.56146630000000 745.00000000000000 
47.39284250000000 8.56146670000000 741.00000000000000 
47.39387510000000 8.56146680000000 738.00000000000000 
47.39439150000000 8.56146710000000 734.00000000000000 
47.39477300000000 8.56170060000000 730.00000000000000 
47.39515460000000 8.56193410000000 718.00000000000000 
47.39531250000000 8.56249770000000 721.00000000000000 
47.39547050000000 8.56306150000000 714.00000000000000 
47.39531240000000 8.56362510000000 716.00000000000000 
47.39515430000000 8.56418860000000 715.00000000000000 
47.39477280000000 8.56442210000000 724.00000000000000 
47.39439120000000 8.56465540000000 720.00000000000000 
47.39392880000000 8.56429470000000 730.00000000000000 
47.39277260000000 8.56339300000000 739.00000000000000 
47.39231000000000 8.56303250000000 756.00000000000000 
47.39161630000000 8.56249150000000 753.00000000000000 
47.39115390000000 8.56213080000000 749.00000000000000 
47.39106390000000 8.56213080000000 749.00000000000000 
47.39029850000000 8.56213060000000 753.00000000000000 
47.38978820000000 8.56213050000000 760.00000000000000 
47.38902280000000 8.56213030000000 758.00000000000000 
47.38825730000000 8.56213000000000 759.00000000000000 
47.38749420000000 8.56259680000000 764.00000000000000 
47.38733610000000 8.56316030000000 764.00000000000000 
47.38717800000000 8.56372380000000 765.00000000000000 
47.38741500000000 8.56456920000000 766.00000000000000 
47.38806620000000 8.56520130000000 770.00000000000000 
47.38848830000000 8.56513780000000 771.00000000000000 
47.38895070000000 8.56477730000000 766.00000000000000 
47.38941330000000 8.56441690000000 756.00000000000000 
47.38987590000000 8.56405640000000 752.00000000000000 
47.39033840000000 8.56369600000000 751.00000000000000 
47.39103220000000 8.56315510000000 753.00000000000000 
47.39149470000000 8.56279470000000 753.00000000000000 
47.39158460000000 8.56279470000000 753.00000000000000 
47.39184510000000 8.56279470000000 756.00000000000000 
47.39236580000000 8.56279500000000 749.00000000000000 
47.39288680000000 8.56279500000000 737.00000000000000 
47.39340750000000 8.56279530000000 734.00000000000000 
47.39444910000000 8.56279560000000 729.00000000000000 
47.39483080000000 8.56302910000000 725.00000000000000 
47.39521230000000 8.56326260000000 718.00000000000000 
47.39537020000000 8.56382620000000 714.00000000000000 
47.39552820000000 8.56439000000000 715.00000000000000 
47.39537010000000 8.56495350000000 717.00000000000000 
47.39521200000000 8.56551720000000 715.00000000000000 
47.39483050000000 8.56575060000000 710.00000000000000 
47.39444890000000 8.56598400000000 709.00000000000000 
47.39398630000000 8.56562330000000 713.00000000000000 
47.39352400000000 8.56526250000000 723.00000000000000 
47.39306140000000 8.56490180000000 740.00000000000000 
47.39213650000000 8.56418060000000 741.00000000000000 
47.39167400000000 8.56381990000000 744.00000000000000 
47.39121160000000 8.56345930000000 753.00000000000000 
47.39112170000000 8.56345930000000 753.00000000000000 
47.39086420000000 8.56345920000000 751.00000000000000 
47.39009200000000 8.56345880000000 754.00000000000000 
47.38957730000000 8.56345880000000 763.00000000000000 
47.38829030000000 8.56345840000000 764.00000000000000 
47.38790860000000 8.56369170000000 761.00000000000000 
47.38752710000000 8.56392500000000 763.00000000000000 
47.38736900000000 8.56448850000000 766.00000000000000 
47.38721090000000 8.56505220000000 765.00000000000000 
47.38752690000000 8.56617930000000 767.00000000000000 
47.38809920000000 8.56652950000000 767.00000000000000 
47.38898370000000 8.56610570000000 768.00000000000000 
47.38944620000000 8.56574530000000 757.00000000000000 
47.38990880000000 8.56538480000000 752.00000000000000 
47.39060260000000 8.56484410000000 744.00000000000000 
47.39106520000000 8.56448350000000 745.00000000000000 
47.39152770000000 8.56412310000000 746.00000000000000 
47.39161750000000 8.56412310000000 744.00000000000000 
47.39188020000000 8.56412330000000 741.00000000000000 
47.39293100000000 8.56412360000000 739.00000000000000 
47.39345620000000 8.56412370000000 737.00000000000000 
47.39398150000000 8.56412390000000 730.00000000000000 
47.39450700000000 8.56412400000000 725.00000000000000 
47.39488850000000 8.56435750000000 722.00000000000000 
47.39526990000000 8.56459110000000 718.00000000000000 
47.39542790000000 8.56515490000000 714.00000000000000 
47.39558590000000 8.56571860000000 712.00000000000000 
47.39542790000000 8.56628220000000 707.00000000000000 
47.39526980000000 8.56684580000000 703.00000000000000 
47.39469740000000 8.56719580000000 713.00000000000000 
47.39381290000000 8.56677140000000 718.00000000000000 
47.39335030000000 8.56641070000000 725.00000000000000 
47.39265660000000 8.56586970000000 733.00000000000000 
47.39173170000000 8.56514840000000 738.00000000000000 
47.39126930000000 8.56478770000000 742.00000000000000 
47.39117940000000 8.56478770000000 742.00000000000000 
47.39066010000000 8.56478750000000 744.00000000000000 
47.38988100000000 8.56478720000000 753.00000000000000 
47.38936170000000 8.56478710000000 758.00000000000000 
47.38884240000000 8.56478690000000 766.00000000000000 
47.38832310000000 8.56478660000000 773.00000000000000 
47.38775080000000 8.56513680000000 769.00000000000000 
47.38724380000000 8.56638050000000 766.00000000000000 
47.38755980000000 8.56750770000000 767.00000000000000 
47.38794130000000 8.56774120000000 769.00000000000000 
47.38832280000000 8.56797480000000 767.00000000000000 
47.38878530000000 8.56761420000000 759.00000000000000 
47.38924790000000 8.56725380000000 757.00000000000000 
47.38994170000000 8.56671310000000 749.00000000000000 
47.39040430000000 8.56635270000000 743.00000000000000 
47.39086680000000 8.56599230000000 741.00000000000000 
47.39156060000000 8.56545160000000 737.00000000000000 
47.39165060000000 8.56545160000000 737.00000000000000 
47.39271010000000 8.56545190000000 733.00000000000000 
47.39324010000000 8.56545220000000 730.00000000000000 
47.39376980000000 8.56545230000000 713.00000000000000 
47.39456450000000 8.56545260000000 714.00000000000000 
47.39513690000000 8.56580290000000 712.00000000000000 
47.39540660000000 8.56620160000000 710.00000000000000 
47.39556470000000 8.56676530000000 702.00000000000000 
47.39556460000000 8.56732890000000 695.00000000000000 
47.39532740000000 8.56817420000000 696.00000000000000 
47.39456430000000 8.56864100000000 703.00000000000000 
47.39410180000000 8.56828030000000 707.00000000000000 
47.39340800000000 8.56773920000000 717.00000000000000 
47.39271430000000 8.56719820000000 725.00000000000000 
47.39225190000000 8.56683750000000 727.00000000000000 
47.39178940000000 8.56647680000000 736.00000000000000 
47.39132690000000 8.56611610000000 740.00000000000000 
47.39123710000000 8.56611610000000 739.00000000000000 
47.39071320000000 8.56611590000000 741.00000000000000 
47.38992750000000 8.56611560000000 747.00000000000000 
47.38940360000000 8.56611550000000 758.00000000000000 
47.38887990000000 8.56611530000000 768.00000000000000 
47.38835600000000 8.56611510000000 769.00000000000000 
47.38759290000000 8.56658180000000 768.00000000000000 
47.38727670000000 8.56770880000000 768.00000000000000 
47.38751370000000 8.56855420000000 767.00000000000000 
47.38797410000000 8.56906950000000 761.00000000000000 
47.38835570000000 8.56930300000000 760.00000000000000 
47.38881820000000 8.56894260000000 757.00000000000000 
47.38951210000000 8.56840190000000 751.00000000000000 
47.39043720000000 8.56768110000000 744.00000000000000 
47.39089970000000 8.56732070000000 738.00000000000000 
47.39159360000000 8.56678000000000 735.00000000000000 
47.39168350000000 8.56678000000000 735.00000000000000 
47.39195060000000 8.56678020000000 731.00000000000000 
47.39248500000000 8.56678030000000 726.00000000000000 
47.39328640000000 8.56678060000000 723.00000000000000 
47.39382080000000 8.56678080000000 718.00000000000000 
47.39435520000000 8.56678090000000 713.00000000000000 
47.39481310000000 8.56689780000000 714.00000000000000 
47.39519450000000 8.56713150000000 700.00000000000000 
47.39546430000000 8.56753000000000 694.00000000000000 
47.39570130000000 8.56837560000000 687.00000000000000 
47.39554320000000 8.56893910000000 684.00000000000000 
47.39538510000000 8.56950280000000 682.00000000000000 
47.39500350000000 8.56973620000000 684.00000000000000 
47.39462190000000 8.56996940000000 686.00000000000000 
47.39415940000000 8.56960870000000 695.00000000000000 
47.39369690000000 8.56924810000000 705.00000000000000 
47.39300320000000 8.56870700000000 712.00000000000000 
47.39207830000000 8.56798560000000 723.00000000000000 
47.39161590000000 8.56762490000000 734.00000000000000 
47.39138460000000 8.56744460000000 736.00000000000000 
47.39129460000000 8.56744440000000 736.00000000000000 
47.39050220000000 8.56744410000000 745.00000000000000 
47.38997390000000 8.56744400000000 758.00000000000000 
47.38918150000000 8.56744370000000 755.00000000000000 
47.38865320000000 8.56744350000000 766.00000000000000 
47.38800740000000 8.56767670000000 769.00000000000000 
47.38762580000000 8.56791000000000 767.00000000000000 
47.38738860000000 8.56875530000000 765.00000000000000 
47.38738860000000 8.56931880000000 763.00000000000000 
47.38762550000000 8.57016430000000 759.00000000000000 
47.38819780000000 8.57051470000000 751.00000000000000 
47.38861980000000 8.57045130000000 746.00000000000000 
47.38908240000000 8.57009090000000 743.00000000000000 
47.38954500000000 8.56973030000000 742.00000000000000 
47.39000740000000 8.56937000000000 739.00000000000000 
47.39047000000000 8.56900960000000 737.00000000000000 
47.39093260000000 8.56864910000000 733.00000000000000 
47.39162640000000 8.56810840000000 735.00000000000000 
47.39171640000000 8.56810840000000 735.00000000000000 
47.39198580000000 8.56810860000000 723.00000000000000 
47.39252450000000 8.56810870000000 722.00000000000000 
47.39306340000000 8.56810900000000 718.00000000000000 
47.39360230000000 8.56810920000000 711.00000000000000 
47.39441060000000 8.56810950000000 707.00000000000000 
47.39487080000000 8.56822640000000 699.00000000000000 
47.39525220000000 8.56846000000000 695.00000000000000 
47.39552200000000 8.56885860000000 684.00000000000000 
47.39568000000000 8.56942230000000 680.00000000000000 
47.39552180000000 8.57054960000000 672.00000000000000 
47.39506110000000 8.57106460000000 668.00000000000000 
47.39467940000000 8.57129790000000 674.00000000000000 
47.39421710000000 8.57093720000000 691.00000000000000 
47.39375460000000 8.57057650000000 699.00000000000000 
47.39329220000000 8.57021580000000 705.00000000000000 
47.39282970000000 8.56985510000000 710.00000000000000 
47.39236710000000 8.56949440000000 714.00000000000000 
47.39190480000000 8.56913370000000 714.00000000000000 
47.39144230000000 8.56877300000000 727.00000000000000 
47.39135230000000 8.56877300000000 727.00000000000000 
47.39081960000000 8.56877280000000 731.00000000000000 
47.39028680000000 8.56877250000000 744.00000000000000 
47.38922110000000 8.56877210000000 753.00000000000000 
47.38868830000000 8.56877190000000 763.00000000000000 
47.38765860000000 8.56923840000000 763.00000000000000 
47.38750050000000 8.56980190000000 761.00000000000000 
47.38734240000000 8.57036550000000 758.00000000000000 
47.38757940000000 8.57121080000000 755.00000000000000 
47.38784900000000 8.57160940000000 750.00000000000000 
47.38823070000000 8.57184300000000 736.00000000000000 
47.38865260000000 8.57177960000000 738.00000000000000 
47.38911530000000 8.57141920000000 732.00000000000000 
47.39004030000000 8.57069840000000 726.00000000000000 
47.39073420000000 8.57015780000000 720.00000000000000 
47.39119670000000 8.56979730000000 722.00000000000000 
47.39165930000000 8.56943690000000 714.00000000000000 
47.39174930000000 8.56943690000000 714.00000000000000 
47.39199830000000 8.56943690000000 710.00000000000000 
47.39249640000000 8.56943720000000 714.00000000000000 
47.39299440000000 8.56943740000000 709.00000000000000 
47.39399050000000 8.56943790000000 703.00000000000000 
47.39448850000000 8.56943810000000 692.00000000000000 
47.39492840000000 8.56955500000000 685.00000000000000 
47.39530990000000 8.56978850000000 682.00000000000000 
47.39565860000000 8.57046890000000 672.00000000000000 
47.39581650000000 8.57103270000000 665.00000000000000 
47.39550020000000 8.57215980000000 660.00000000000000 
47.39473710000000 8.57262660000000 666.00000000000000 
47.39427460000000 8.57226580000000 678.00000000000000 
47.39381220000000 8.57190510000000 689.00000000000000 
47.39311860000000 8.57136390000000 697.00000000000000 
47.39219360000000 8.57064250000000 706.00000000000000 
47.39173110000000 8.57028180000000 712.00000000000000 
47.39150000000000 8.57010140000000 717.00000000000000 
47.39141000000000 8.57010140000000 717.00000000000000 
47.39114110000000 8.57010130000000 720.00000000000000 
47.39060310000000 8.57010110000000 727.00000000000000 
47.39006510000000 8.57010090000000 733.00000000000000 
47.38952730000000 8.57010060000000 740.00000000000000 
47.38898940000000 8.57010040000000 746.00000000000000 
47.38845140000000 8.57010010000000 754.00000000000000 
47.38737560000000 8.57009980000000 760.00000000000000 
