31.21833495652713 120.78648803057609 50.00000000000000 
31.22432149363415 120.78591991052002 50.00000000000000 
31.22435941689938 120.78721675432024 50.00000000000000 
31.21689011462260 120.78775369658035 50.00000000000000 
31.21685808500056 120.78885677272353 50.00000000000000 
31.21793830000000 120.78895030000000 94.00000000000000 
31.21922450000000 120.78895030000000 92.80805969238281 
31.21973920000000 120.78895030000000 90.42418670654297 
31.22025370000000 120.78895030000000 90.00000000000000 
31.22076820000000 120.78895030000000 92.00000000000000 
31.22128280000000 120.78895030000000 94.00000000000000 
31.22179730000000 120.78895030000000 91.61611938476562 
31.22231180000000 120.78895030000000 92.65941619873047 
31.22282630000000 120.78895030000000 95.04328918457031 
31.22320790000000 120.78913510000000 95.00000000000000 
31.22358940000000 120.78931990000000 96.00000000000000 
31.22374750000000 120.78976609999999 95.00000000000000 
31.22390550000000 120.79021229999999 97.00000000000000 
31.22366850000000 120.79088150000000 99.00000000000000 
31.22301710000000 120.79138180000000 97.04328918457031 
31.22257730000000 120.79136099999999 94.84855651855469 
31.22207920000000 120.79113450000000 93.00000000000000 
31.22158110000000 120.79090789999999 94.00000000000000 
31.22108300000000 120.79068140000000 91.52394866943359 
31.22033590000000 120.79034170000000 90.00000000000000 
31.21958880000000 120.79000200000000 91.00000000000000 
31.21949880000000 120.79000200000000 89.00000000000000 
31.21925370000000 120.79000189999999 90.00000000000000 
31.21881780000000 120.79009430000001 92.08658599853516 
31.21843620000000 120.79027910000001 94.00000000000000 
31.21816640000000 120.79059450000000 93.04328918457031 
31.21800840000000 120.79104070000000 91.12987518310547 
31.21800840000000 120.79148680000000 89.21645355224609 
31.21816640000000 120.79193300000000 88.04328918457031 
31.21862700000000 120.79234090000000 90.00000000000000 
31.21900850000000 120.79252570000000 90.33381652832031 
31.21950660000000 120.79229909999999 92.80986785888672 
31.22000460000000 120.79207270000001 95.28591918945312 
31.22050280000000 120.79184619999999 97.76197052001953 
31.22100090000000 120.79161970000000 100.00000000000000 
31.22149890000000 120.79139309999999 97.52394866943359 
31.22199700000000 120.79116670000001 95.04789733886719 
31.22224610000000 120.79105350000000 93.80986785888672 
31.22233600000000 120.79105350000000 93.81443023681641 
31.22258110000000 120.79105350000000 94.95050811767578 
31.22301720000000 120.79114600000000 97.04328918457031 
31.22358950000000 120.79142320000000 97.00000000000000 
31.22374750000000 120.79186940000000 95.08658599853516 
31.22390560000000 120.79231559999999 93.17316436767578 
31.22374750000000 120.79276170000000 91.25975036621094 
31.22358950000000 120.79320790000000 92.00000000000000 
31.22282640000000 120.79357750000000 92.00000000000000 
31.22232830000000 120.79335100000000 93.00000000000000 
31.22183020000000 120.79312450000000 92.76197052001953 
31.22133210000000 120.79289799999999 93.76197052001953 
31.22083400000000 120.79267140000000 94.00000000000000 
31.22033600000000 120.79244490000001 92.00000000000000 
31.21983790000000 120.79221840000000 91.00000000000000 
31.21958880000000 120.79210519999999 91.00000000000000 
31.21949890000000 120.79210519999999 91.00000000000000 
31.21925380000000 120.79210510000000 92.00000000000000 
31.21862700000000 120.79228990000000 90.00000000000000 
31.21824550000000 120.79247460000001 91.25975036621094 
31.21808740000000 120.79292080000000 93.17316436767578 
31.21792940000000 120.79336690000000 95.08658599853516 
31.21808740000000 120.79381309999999 97.00000000000000 
31.21824540000000 120.79425929999999 95.08658599853516 
31.21862700000000 120.79444410000001 93.17316436767578 
31.21900850000000 120.79462890000001 91.25975036621094 
31.21950660000000 120.79440240000000 89.76197052001953 
31.22025380000000 120.79406270000000 89.76197052001953 
31.22075180000000 120.79383620000000 90.76197052001953 
31.22124990000000 120.79360970000000 92.76197052001953 
31.22174800000000 120.79338319999999 92.76197052001953 
31.22224610000000 120.79315670000000 92.76197052001953 
31.22233600000000 120.79315670000000 92.00000000000000 
31.22258130000000 120.79315680000001 93.00000000000000 
31.22301720000000 120.79324930000000 91.00000000000000 
31.22358950000000 120.79352650000000 93.00000000000000 
31.22382660000000 120.79419580000000 92.00000000000000 
31.22382660000000 120.79464200000000 90.00000000000000 
31.22358950000000 120.79531120000000 90.00000000000000 
31.22282640000000 120.79568080000000 90.00000000000000 
31.22232830000000 120.79545430000000 91.00000000000000 
31.22158120000000 120.79511450000000 91.00000000000000 
31.22108310000000 120.79488790000001 93.00000000000000 
31.22033600000000 120.79454819999999 90.76197052001953 
31.21983790000000 120.79432160000000 92.00000000000000 
31.21958890000000 120.79420829999999 91.00000000000000 
31.21949890000000 120.79420829999999 88.00000000000000 
31.21925380000000 120.79420829999999 87.00000000000000 
31.21881780000000 120.79430069999999 89.04328918457031 
31.21843620000000 120.79448540000000 91.00000000000000 
31.21808750000000 120.79502400000000 92.00000000000000 
31.21792940000000 120.79547010000000 92.04328918457031 
31.21816640000000 120.79613940000000 92.04328918457031 
31.21862700000000 120.79654730000000 92.04328918457031 
31.21900850000000 120.79673210000000 91.00000000000000 
31.21950660000000 120.79650560000000 91.00000000000000 
31.22000460000000 120.79627920000000 90.76197052001953 
31.22050280000000 120.79605270000000 91.00000000000000 
31.22100090000000 120.79582619999999 92.00000000000000 
31.22199710000000 120.79537329999999 90.76197052001953 
31.22224610000000 120.79526000000000 91.00000000000000 
31.22233610000000 120.79526000000000 91.00000000000000 
31.22282650000000 120.79526009999999 91.00000000000000 
31.22358950000000 120.79562980000000 90.00000000000000 
31.22390560000000 120.79652220000000 90.00000000000000 
31.22358950000000 120.79741439999999 90.00000000000000 
31.22282630000000 120.79778410000000 90.00000000000000 
31.21983790000000 120.79642490000001 91.00000000000000 
31.21958890000000 120.79631160000000 91.00000000000000 
31.21949890000000 120.79631160000000 91.72836303710938 
31.21925380000000 120.79631150000000 92.86418151855469 
31.21862710000000 120.79649620000001 95.00000000000000 
31.21824550000000 120.79668100000001 94.00000000000000 
31.21808740000000 120.79712720000001 92.04328918457031 
31.21792940000000 120.79757330000000 90.00000000000000 
31.21824540000000 120.79846560000000 90.00000000000000 
31.21900850000000 120.79883529999999 90.00000000000000 
31.22224610000000 120.79736330000000 90.00000000000000 
31.22233600000000 120.79736330000000 90.00000000000000 
31.22282640000000 120.79736339999999 90.00000000000000 
31.22358950000000 120.79773299999999 90.00000000000000 
31.22390560000000 120.79862550000000 90.00000000000000 
31.22358940000000 120.79951780000000 90.00000000000000 
31.22282630000000 120.79988740000000 90.00000000000000 
31.21958880000000 120.79841480000000 90.00000000000000 
31.21949890000000 120.79841480000000 90.00000000000000 
31.21900860000000 120.79841470000000 90.00000000000000 
31.21824550000000 120.79878420000000 90.00000000000000 
31.21792930000000 120.79967650000000 90.00000000000000 
31.21824530000000 120.80056879999999 90.00000000000000 
31.21900840000000 120.80093850000000 90.00000000000000 
31.22224600000000 120.79946660000000 90.00000000000000 
31.22233600000000 120.79946660000000 90.00000000000000 
31.22282640000000 120.79946670000000 90.00000000000000 
31.22358950000000 120.79983640000000 90.00000000000000 
31.22390550000000 120.80072869999999 90.00000000000000 
31.22358920000000 120.80162110000001 90.00000000000000 
31.22282620000000 120.80199070000000 90.00000000000000 
31.21958870000000 120.80051800000000 90.00000000000000 
31.21949880000000 120.80051800000000 90.00000000000000 
31.21792930000000 120.80051770000000 90.00000000000000 
31.21792930000000 120.80051770000000 90.00000000000000 
31.21738970000000 120.80034860000001 90.00000000000000 
31.21699480000000 120.79988659999999 90.00000000000000 
31.21685030000000 120.79925560000000 90.00000000000000 
31.21699500000000 120.79862470000000 90.00000000000000 
31.21739000000000 120.79816289999999 90.00000000000000 
31.21792970000000 120.79799389999999 90.00000000000000 
31.21846920000000 120.79816310000000 90.00000000000000 
31.22062800000000 120.80053719999999 90.00000000000000 
31.22077250000000 120.80116830000000 90.00000000000000 
31.22062780000000 120.80179920000000 90.00000000000000 
31.22023260000000 120.80226110000000 90.00000000000000 
31.21969310000000 120.80243000000000 90.00000000000000 
31.21915350000000 120.80226089999999 90.00000000000000 
31.21875860000000 120.80179889999999 90.00000000000000 
31.21861410000000 120.80116790000000 90.00000000000000 
31.21861410000000 120.80116769999999 90.00000000000000 
31.21861510000000 120.79744090000000 91.30845642089844 
31.21861520000000 120.79681979999999 93.76948547363281 
31.21861550000000 120.79557760000000 96.00000000000000 
31.21861570000000 120.79495650000000 94.00000000000000 
31.21861580000000 120.79433530000000 91.53897094726562 
31.21861600000000 120.79371420000000 93.76948547363281 
31.21861620000000 120.79278250000000 93.76948547363281 
31.21861630000000 120.79216140000000 91.30845642089844 
31.21861640000000 120.79154029999999 92.76948547363281 
31.21861660000000 120.79091920000000 95.00000000000000 
31.21861670000000 120.79029800000001 93.76948547363281 
31.21861680000000 120.78967690000000 92.00000000000000 
31.21877490000000 120.78923080000000 93.04328918457031 
31.21893310000000 120.78878469999999 94.00000000000000 
31.21931460000000 120.78860000000000 92.08658599853516 
31.21969620000000 120.78841530000000 90.17316436767578 
31.22007770000000 120.78860020000000 90.04328918457031 
31.22045930000000 120.78878510000000 91.12987518310547 
31.22061720000000 120.78923130000000 93.04328918457031 
31.22077520000000 120.78967750000000 93.00000000000000 
31.22058130000000 120.79025990000000 93.28588104248047 
31.22038760000000 120.79084229999999 95.76196289062500 
31.22009690000000 120.79171580000001 95.76196289062500 
31.21990300000000 120.79229820000000 93.28588104248047 
31.21970910000000 120.79288060000000 91.00000000000000 
31.21951540000000 120.79346300000000 90.76196289062500 
31.21951540000000 120.79356799999999 91.00000000000000 
31.21951530000000 120.79387040000000 89.80225372314453 
31.21951520000000 120.79447500000001 88.00000000000000 
31.21951490000000 120.79538190000000 88.00000000000000 
31.21951480000000 120.79598650000000 89.80225372314453 
31.21951460000000 120.79659110000000 90.00000000000000 
31.21951380000000 120.79991630000001 90.00000000000000 
31.21982960000000 120.80080870000000 90.00000000000000 
31.22059260000000 120.80117869999999 90.00000000000000 
31.22135580000000 120.80080930000000 90.00000000000000 
31.22167210000000 120.79991699999999 90.00000000000000 
31.22051090000000 120.79642200000001 90.76196289062500 
31.22041410000000 120.79613080000000 92.00000000000000 
31.22041410000000 120.79602559999999 92.00000000000000 
31.22041430000000 120.79542100000000 90.80217742919922 
31.22041440000000 120.79481629999999 91.00000000000000 
31.22041440000000 120.79421170000001 88.60436248779297 
31.22041470000000 120.79360710000000 88.81308746337891 
31.22041480000000 120.79300250000000 91.20872497558594 
31.22041490000000 120.79239780000000 93.60436248779297 
31.22041510000000 120.79179320000000 96.00000000000000 
31.22041520000000 120.79088630000000 95.80217742919922 
31.22041530000000 120.79028160000000 93.40653991699219 
31.22041550000000 120.78967700000000 92.04328918457031 
31.22057360000000 120.78923090000001 92.00000000000000 
31.22073170000000 120.78878469999999 92.00000000000000 
31.22111330000000 120.78860000000000 93.00000000000000 
31.22149490000000 120.78841530000000 92.04328918457031 
31.22187640000000 120.78860020000000 91.04328918457031 
31.22225790000000 120.78878510000000 92.00000000000000 
31.22241590000000 120.78923130000000 94.00000000000000 
31.22257380000000 120.78967750000000 93.00000000000000 
31.22228310000000 120.79055099999999 94.00000000000000 
31.22208920000000 120.79113350000000 93.76196289062500 
31.22189550000000 120.79171590000000 91.28588104248047 
31.22170160000000 120.79229830000000 91.76196289062500 
31.22141090000000 120.79317190000000 92.00000000000000 
31.22131400000000 120.79346310000000 93.00000000000000 
31.22131400000000 120.79356830000000 94.00000000000000 
31.22131390000000 120.79387060000001 92.80229949951172 
31.22131380000000 120.79447519999999 91.00000000000000 
31.22131360000000 120.79538200000000 91.00000000000000 
31.22131340000000 120.79598660000001 90.80229949951172 
31.22131240000000 120.79991630000001 90.00000000000000 
31.22162820000000 120.80080880000000 90.00000000000000 
31.22239110000000 120.80117869999999 90.00000000000000 
31.22315440000000 120.80080940000001 90.00000000000000 
31.22347080000000 120.79991720000000 90.00000000000000 
31.22221270000000 120.79613070000001 90.00000000000000 
31.22221280000000 120.79602559999999 90.00000000000000 
31.22221290000000 120.79542090000000 91.00000000000000 
31.22221300000000 120.79481629999999 92.60445404052734 
31.22221320000000 120.79421170000001 95.00000000000000 
31.22221340000000 120.79330480000000 93.80222320556641 
31.22221350000000 120.79270020000000 94.00000000000000 
31.22221360000000 120.79209539999999 93.80222320556641 
31.22221380000000 120.79118860000000 93.80222320556641 
31.22221390000000 120.79058400000000 94.00000000000000 
31.22221410000000 120.78997940000001 91.60445404052734 
31.22229320000000 120.78945400000001 93.04328918457031 
31.22245130000000 120.78900790000000 93.00000000000000 
31.22310270000000 120.78850770000000 94.00000000000000 
31.22367500000000 120.78860030000000 93.17316436767578 
31.22405660000000 120.78878520000001 95.08658599853516 
31.22421450000000 120.78923140000001 97.00000000000000 
31.22437250000000 120.78967760000000 97.00000000000000 
31.22408170000000 120.79055120000000 98.00000000000000 
31.22379100000000 120.79142490000000 96.76196289062500 
31.22359710000000 120.79200729999999 94.28588104248047 
31.22340340000000 120.79258969999999 92.00000000000000 
31.22311270000000 120.79346330000000 91.00000000000000 
31.22311270000000 120.79356840000000 92.00000000000000 
31.22311260000000 120.79387280000000 93.00000000000000 
31.22311240000000 120.79478589999999 92.00000000000000 
31.22311220000000 120.79539480000000 90.00000000000000 
31.22311070000000 120.80117830000000 90.00000000000000 
31.21925130000000 120.80151334999999 90.00000000000000 
31.21590474376773 120.78685361240093 0.00000000000000 
