31.21770470000000 120.78823850000001 50.00000000000000 
31.22296710000000 120.79061880000000 90.00000000000000 
31.22246930000000 120.79250330000001 90.00000000000000 
31.21605110000000 120.79094689999999 90.00000000000000 
31.21793740000000 120.78894800000000 94.00000000000000 
31.21922480000000 120.78894800000000 92.80805969238281 
31.21973980000000 120.78894800000000 90.42418670654297 
31.22025290000000 120.78894800000000 90.00000000000000 
31.22076790000000 120.78894800000000 92.00000000000000 
31.22128290000000 120.78894800000000 94.00000000000000 
31.22179790000000 120.78894800000000 91.61611938476563 
31.22231100000000 120.78894800000000 92.65941619873047 
31.22282600000000 120.78894800000000 95.04328918457031 
31.22320740000000 120.78913870000000 95.00000000000000 
31.22358890000000 120.78932180000000 96.00000000000000 
31.22374720000000 120.78976440000000 95.00000000000000 
31.22390550000000 120.79021450000000 97.00000000000000 
31.22366900000000 120.79087819999999 99.00000000000000 
31.22301670000000 120.79138180000000 97.04328918457031 
31.22257800000000 120.79135890000001 94.84855651855469 
31.22207830000000 120.79113760000000 93.00000000000000 
31.22158050000000 120.79090880000000 94.00000000000000 
31.22108260000000 120.79067990000000 91.52394866943359 
31.22033500000000 120.79034420000001 90.00000000000000 
31.21958920000000 120.79000090000000 91.00000000000000 
31.21949950000000 120.79000090000000 89.00000000000000 
31.21925350000000 120.79000090000000 90.00000000000000 
31.21881860000000 120.79009240000001 92.08658599853516 
31.21843520000000 120.79027550000001 94.00000000000000 
31.21816630000000 120.79059599999999 96.00000000000000 
31.21800800000000 120.79103850000000 98.00000000000000 
31.21800800000000 120.79148859999999 100.00000000000000 
31.21816630000000 120.79193110000000 102.00000000000000 
31.21862790000000 120.79234310000000 104.00000000000000 
31.21900930000000 120.79252620000000 106.00000000000000 
31.21950720000000 120.79229730000000 106.00000000000000 
31.22000490000000 120.79207610000000 106.00000000000000 
31.22050280000000 120.79184720000001 106.00000000000000 
31.22100060000000 120.79161830000000 106.00000000000000 
31.22149840000000 120.79138940000000 106.00000000000000 
31.22199630000000 120.79116820000000 106.00000000000000 
31.22224610000000 120.79105370000001 106.00000000000000 
31.22233580000000 120.79105370000001 106.00000000000000 
31.22258170000000 120.79105370000001 104.00000000000000 
31.22301670000000 120.79114530000000 102.00000000000000 
31.22358890000000 120.79141989999999 100.00000000000000 
31.22374720000000 120.79187010000000 98.00000000000000 
31.22390550000000 120.79231260000000 96.00000000000000 
31.22374720000000 120.79276270000000 94.00000000000000 
31.22358890000000 120.79320520000000 92.00000000000000 
31.22282600000000 120.79357910000000 90.00000000000000 
31.22232810000000 120.79335020000001 93.00000000000000 
31.22183030000000 120.79312130000000 92.76197052001953 
31.22133250000000 120.79290000000000 93.76197052001953 
31.22083470000000 120.79267120000000 94.00000000000000 
31.22033690000000 120.79244230000000 92.00000000000000 
31.21983710000000 120.79222100000000 91.00000000000000 
31.21958920000000 120.79210660000000 91.00000000000000 
31.21949950000000 120.79210660000000 91.00000000000000 
31.21925350000000 120.79210660000000 92.00000000000000 
31.21862790000000 120.79228970000000 90.00000000000000 
31.21824450000000 120.79247280000000 91.25975036621094 
31.21808810000000 120.79292289999999 93.17316436767578 
31.21792980000000 120.79336540000000 95.08658599853516 
31.21808810000000 120.79381549999999 97.00000000000000 
31.21824450000000 120.79425809999999 95.08658599853516 
31.21862790000000 120.79444119999999 93.17316436767578 
31.21900930000000 120.79463190000000 91.25975036621094 
31.21950720000000 120.79440300000000 89.76197052001953 
31.22025290000000 120.79405970000001 89.76197052001953 
31.22075270000000 120.79383850000001 90.76197052001953 
31.22125050000000 120.79360960000000 92.76197052001953 
31.22174830000000 120.79338070000000 92.76197052001953 
31.22224610000000 120.79315939999999 92.76197052001953 
31.22233580000000 120.79315939999999 92.00000000000000 
31.22258170000000 120.79315939999999 93.00000000000000 
31.22301670000000 120.79325100000000 91.00000000000000 
31.22358890000000 120.79352560000000 93.00000000000000 
31.22382730000000 120.79419700000000 92.00000000000000 
31.22382730000000 120.79463950000000 90.00000000000000 
31.22358890000000 120.79531090000000 90.00000000000000 
31.22282600000000 120.79567710000001 90.00000000000000 
31.22232810000000 120.79545589999999 91.00000000000000 
31.22158050000000 120.79511260000000 91.00000000000000 
31.22108260000000 120.79489130000000 93.00000000000000 
31.22033690000000 120.79454800000001 90.76197052001953 
31.21983710000000 120.79431910000000 92.00000000000000 
31.21958920000000 120.79420469999999 91.00000000000000 
31.21949950000000 120.79420469999999 88.00000000000000 
31.21925350000000 120.79420469999999 87.00000000000000 
31.21881860000000 120.79430379999999 89.04328918457031 
31.21843520000000 120.79448690000000 91.00000000000000 
31.21808810000000 120.79502100000001 92.00000000000000 
31.21792980000000 120.79547110000000 92.04328918457031 
31.21816630000000 120.79614239999999 92.04328918457031 
31.21862790000000 120.79654690000000 92.04328918457031 
31.21900930000000 120.79673000000000 91.00000000000000 
31.21950720000000 120.79650870000000 91.00000000000000 
31.22000490000000 120.79627979999999 90.76197052001953 
31.22050280000000 120.79605100000001 91.00000000000000 
31.22100060000000 120.79582970000000 92.00000000000000 
31.22199630000000 120.79537200000000 90.76197052001953 
31.22224610000000 120.79525750000001 91.00000000000000 
31.22233580000000 120.79525750000001 91.00000000000000 
31.22282600000000 120.79525750000001 91.00000000000000 
31.22358890000000 120.79563140000000 90.00000000000000 
31.22390550000000 120.79652400000001 90.00000000000000 
31.22358890000000 120.79741660000001 90.00000000000000 
31.22282600000000 120.79778279999999 90.00000000000000 
31.21983710000000 120.79642480000000 91.00000000000000 
31.21958920000000 120.79631040000000 91.00000000000000 
31.21949950000000 120.79631040000000 91.72836303710938 
31.21925350000000 120.79631040000000 92.86418151855469 
31.21862790000000 120.79649350000000 95.00000000000000 
31.21824450000000 120.79668420000000 94.00000000000000 
31.21808810000000 120.79712670000001 92.04328918457031 
31.21792980000000 120.79757690000000 90.00000000000000 
31.21824450000000 120.79846190000001 90.00000000000000 
31.21900930000000 120.79883570000000 90.00000000000000 
31.22224610000000 120.79736320000001 90.00000000000000 
31.22233580000000 120.79736320000001 90.00000000000000 
31.22282600000000 120.79736320000001 90.00000000000000 
31.22358890000000 120.79772939999999 90.00000000000000 
31.22390550000000 120.79862210000000 90.00000000000000 
31.22358890000000 120.79951470000000 90.00000000000000 
31.22282600000000 120.79988860000000 90.00000000000000 
31.21958920000000 120.79841610000000 90.00000000000000 
31.21949950000000 120.79841610000000 90.00000000000000 
31.21900930000000 120.79841610000000 90.00000000000000 
31.21824450000000 120.79878230000000 90.00000000000000 
31.21792980000000 120.79967490000000 90.00000000000000 
31.21824450000000 120.80056759999999 90.00000000000000 
31.21900740000000 120.80094140000000 90.00000000000000 
31.22224610000000 120.79946889999999 90.00000000000000 
31.22233580000000 120.79946889999999 90.00000000000000 
31.22282600000000 120.79946889999999 90.00000000000000 
31.22358890000000 120.79983520000000 90.00000000000000 
31.22390550000000 120.80072780000000 90.00000000000000 
31.22358890000000 120.80162040000000 90.00000000000000 
31.22282600000000 120.80199430000000 90.00000000000000 
31.21958920000000 120.80051419999999 90.00000000000000 
31.21949950000000 120.80051419999999 90.00000000000000 
31.21792980000000 120.80051419999999 90.00000000000000 
31.21792980000000 120.80051419999999 90.00000000000000 
31.21739000000000 120.80034630000000 90.00000000000000 
31.21699520000000 120.79988860000000 90.00000000000000 
31.21685020000000 120.79925530000000 90.00000000000000 
31.21699520000000 120.79862210000000 90.00000000000000 
31.21739000000000 120.79816430000000 90.00000000000000 
31.21792980000000 120.79799650000000 90.00000000000000 
31.21846960000000 120.79816430000000 90.00000000000000 
31.22062870000000 120.80053710000000 90.00000000000000 
31.22077170000000 120.80117030000000 90.00000000000000 
31.22062870000000 120.80179579999999 90.00000000000000 
31.22023200000000 120.80226130000000 90.00000000000000 
31.21969220000000 120.80242910000000 90.00000000000000 
31.21915430000000 120.80226130000000 90.00000000000000 
31.21875950000000 120.80179579999999 90.00000000000000 
31.21861450000000 120.80117030000000 90.00000000000000 
31.21861450000000 120.80117030000000 90.00000000000000 
31.21861450000000 120.79743950000000 91.30845642089844 
31.21861450000000 120.79682149999999 93.76948547363281 
31.21861450000000 120.79557800000001 96.00000000000000 
31.21861640000000 120.79496000000000 94.00000000000000 
31.21861640000000 120.79433440000000 91.53897094726563 
31.21861640000000 120.79371639999999 93.76948547363281 
31.21861640000000 120.79278549999999 93.76948547363281 
31.21861640000000 120.79216000000000 91.30845642089844 
31.21861640000000 120.79154200000001 92.76948547363281 
31.21861640000000 120.79091640000000 95.00000000000000 
31.21861640000000 120.79029840000000 93.76948547363281 
31.21861640000000 120.78968039999999 92.00000000000000 
31.21877470000000 120.78923030000000 93.04328918457031 
31.21893310000000 120.78878779999999 94.00000000000000 
31.21931450000000 120.78859710000000 92.08658599853516 
31.21969600000000 120.78841400000000 90.17316436767578 
31.22007750000000 120.78859710000000 90.04328918457031 
31.22045880000000 120.78878779999999 91.12987518310547 
31.22061720000000 120.78923030000000 93.04328918457031 
31.22077560000000 120.78968039999999 93.00000000000000 
31.22058100000000 120.79026030000000 93.28588104248047 
31.22038840000000 120.79084010000000 95.76196289062500 
31.22009650000000 120.79171750000000 95.76196289062500 
31.21990390000000 120.79229730000000 93.28588104248047 
31.21970930000000 120.79287710000000 91.00000000000000 
31.21951480000000 120.79346459999999 90.76196289062500 
31.21951480000000 120.79357140000000 91.00000000000000 
31.21951480000000 120.79386900000000 89.80225372314453 
31.21951480000000 120.79447170000000 88.00000000000000 
31.21951480000000 120.79537960000000 88.00000000000000 
31.21951480000000 120.79598990000000 89.80225372314453 
31.21951480000000 120.79659270000001 90.00000000000000 
31.21951290000000 120.79991910000000 90.00000000000000 
31.21982950000000 120.80081170000000 90.00000000000000 
31.22059240000000 120.80117790000000 90.00000000000000 
31.22135540000000 120.80081170000000 90.00000000000000 
31.22167200000000 120.79991910000000 90.00000000000000 
31.22051040000000 120.79642480000000 90.76196289062500 
31.22041320000000 120.79612729999999 92.00000000000000 
31.22041320000000 120.79602810000000 92.00000000000000 
31.22041510000000 120.79541770000000 90.80217742919922 
31.22041510000000 120.79481500000000 91.00000000000000 
31.22041510000000 120.79421230000000 88.60436248779297 
31.22041510000000 120.79360960000000 88.81308746337891 
31.22041510000000 120.79299920000000 91.20872497558594 
31.22041510000000 120.79239650000000 93.60436248779297 
31.22041510000000 120.79179379999999 96.00000000000000 
31.22041510000000 120.79088590000001 95.80217742919922 
31.22041510000000 120.79028320000000 93.40653991699219 
31.22041510000000 120.78968039999999 92.04328918457031 
31.22057340000000 120.78923030000000 92.00000000000000 
31.22073170000000 120.78878779999999 92.00000000000000 
31.22111320000000 120.78859710000000 93.00000000000000 
31.22149460000000 120.78841400000000 92.04328918457031 
31.22187610000000 120.78859710000000 91.04328918457031 
31.22225760000000 120.78878779999999 92.00000000000000 
31.22241590000000 120.78923030000000 94.00000000000000 
31.22257410000000 120.78968039999999 93.00000000000000 
31.22228240000000 120.79055020000000 94.00000000000000 
31.22208970000000 120.79113000000000 93.76196289062500 
31.22189520000000 120.79171750000000 91.28588104248047 
31.22170060000000 120.79229730000000 91.76196289062500 
31.22141070000000 120.79317469999999 92.00000000000000 
31.22131340000000 120.79346459999999 93.00000000000000 
31.22131340000000 120.79357140000000 94.00000000000000 
31.22131340000000 120.79386900000000 92.80229949951172 
31.22131340000000 120.79447170000000 91.00000000000000 
31.22131340000000 120.79537960000000 91.00000000000000 
31.22131340000000 120.79598990000000 90.80229949951172 
31.22131150000000 120.79991910000000 90.00000000000000 
31.22162810000000 120.80081170000000 90.00000000000000 
31.22239110000000 120.80117790000000 90.00000000000000 
31.22315400000000 120.80081170000000 90.00000000000000 
31.22347060000000 120.79991910000000 90.00000000000000 
31.22221180000000 120.79612729999999 90.00000000000000 
31.22221370000000 120.79602810000000 90.00000000000000 
31.22221370000000 120.79541770000000 91.00000000000000 
31.22221370000000 120.79481500000000 92.60445404052734 
31.22221370000000 120.79421230000000 95.00000000000000 
31.22221370000000 120.79330440000000 93.80222320556641 
31.22221370000000 120.79270169999999 94.00000000000000 
31.22221370000000 120.79209890000000 93.80222320556641 
31.22221370000000 120.79119110000001 93.80222320556641 
31.22221370000000 120.79058070000001 94.00000000000000 
31.22221370000000 120.78997800000000 91.60445404052734 
31.22229380000000 120.78945150000000 93.04328918457031 
31.22245210000000 120.78900899999999 93.00000000000000 
31.22310250000000 120.78850550000000 94.00000000000000 
31.22367470000000 120.78859710000000 93.17316436767578 
31.22405620000000 120.78878779999999 95.08658599853516 
31.22421450000000 120.78923030000000 97.00000000000000 
31.22437280000000 120.78968039999999 97.00000000000000 
31.22408100000000 120.79055020000000 98.00000000000000 
31.22379110000000 120.79142760000001 96.76196289062500 
31.22359650000000 120.79200740000000 94.28588104248047 
31.22340390000000 120.79258720000000 92.00000000000000 
31.22311210000000 120.79346459999999 91.00000000000000 
31.22311210000000 120.79357140000000 92.00000000000000 
31.22311210000000 120.79386900000000 93.00000000000000 
31.22311210000000 120.79478450000001 92.00000000000000 
31.22311210000000 120.79539480000000 90.00000000000000 
31.22311010000000 120.80117790000000 90.00000000000000 
31.22117230000000 120.80265040000000 90.00000000000000 
31.21774860000000 120.79032890000001 50.00000000000000 
31.21574590000000 120.78704830000000 0.00000000000000 

