31.21839710000000 120.78896330000001 100.00000000000000 
31.21718780000000 120.78972620000000 103.87397766113281 
31.21697610000000 120.78983300000000 104.93698883056641 
31.21655080000000 120.79003899999999 106.93698883056641 
31.21612730000000 120.79024500000000 109.00000000000000 
31.21582790000000 120.79059599999999 106.87397766113281 
31.21565240000000 120.79109190000000 104.74796295166016 
31.21547690000000 120.79158780000000 102.62194061279297 
31.21547690000000 120.79208370000001 101.68495178222656 
31.21565240000000 120.79257960000000 103.81097412109375 
31.21582790000000 120.79307550000000 105.93698883056641 
31.21612730000000 120.79341880000000 106.00000000000000 
31.21655080000000 120.79362480000000 103.87397766113281 
31.21718780000000 120.79393760000001 103.78474426269531 
31.21765700000000 120.79366300000000 104.00000000000000 
31.21812620000000 120.79338830000000 102.78474426269531 
31.21859550000000 120.79311370000001 105.00000000000000 
31.21906470000000 120.79283900000000 102.49321746826172 
31.21953390000000 120.79256430000000 104.92372894287109 
31.22000310000000 120.79228970000000 107.35424041748047 
31.22047230000000 120.79201500000001 109.78474426269531 
31.22094150000000 120.79174039999999 109.78474426269531 
31.22141070000000 120.79146570000000 108.78474426269531 
31.22187990000000 120.79119110000001 106.35424041748047 
31.22234910000000 120.79091640000000 105.00000000000000 
31.22258370000000 120.79077909999999 104.00000000000000 
31.22321310000000 120.79077909999999 107.00000000000000 
31.22363660000000 120.79098510000000 108.00000000000000 
31.22406000000000 120.79119110000001 107.00000000000000 
31.22448530000000 120.79139700000000 107.00000000000000 
31.22466080000000 120.79189300000000 105.00000000000000 
31.22483630000000 120.79238890000001 104.81097412109375 
31.22501180000000 120.79288480000000 106.93698883056641 
31.22483630000000 120.79338070000000 106.93698883056641 
31.22466080000000 120.79387660000000 104.81097412109375 
31.22448530000000 120.79437249999999 102.68495178222656 
31.22406000000000 120.79457850000000 100.55893707275391 
31.22321310000000 120.79499050000000 100.78474426269531 
31.22274390000000 120.79471580000001 101.35424041748047 
31.22227470000000 120.79444119999999 103.78474426269531 
31.22180550000000 120.79416650000000 103.78474426269531 
31.22133630000000 120.79389190000001 102.78474426269531 
31.22086710000000 120.79361720000000 100.35424041748047 
31.22039790000000 120.79334249999999 99.56948852539062 
31.21992870000000 120.79306790000000 102.00000000000000 
31.21945950000000 120.79279320000001 100.78474426269531 
31.21899030000000 120.79251859999999 99.00000000000000 
31.21852110000000 120.79224390000000 100.00000000000000 
31.21805190000000 120.79196920000000 97.78474426269531 
31.21781730000000 120.79183190000001 96.56948852539062 
31.21718780000000 120.79183190000001 99.93698883056641 
31.21697610000000 120.79193870000000 101.00000000000000 
31.21655080000000 120.79213710000001 99.93698883056641 
31.21612730000000 120.79234310000000 98.93698883056641 
31.21582790000000 120.79269400000000 100.81097412109375 
31.21565240000000 120.79319000000000 102.93698883056641 
31.21547690000000 120.79368590000000 105.00000000000000 
31.21547690000000 120.79418180000000 106.81097412109375 
31.21565240000000 120.79467769999999 108.93698883056641 
31.21582790000000 120.79517360000000 108.93698883056641 
31.21612730000000 120.79552450000000 106.81097412109375 
31.21655080000000 120.79573050000000 104.68495178222656 
31.21697610000000 120.79593650000000 102.55893707275391 
31.21742240000000 120.79589840000000 100.28067016601562 
31.21789160000000 120.79562369999999 101.35424041748047 
31.21836090000000 120.79535670000000 103.78474426269531 
31.21883010000000 120.79508199999999 103.78474426269531 
31.21929930000000 120.79480740000000 101.35424041748047 
31.21976850000000 120.79453270000000 102.00000000000000 
31.22023770000000 120.79425809999999 99.78474426269531 
31.22070690000000 120.79398340000000 100.35424041748047 
31.22117610000000 120.79370880000000 102.78474426269531 
31.22164530000000 120.79343410000000 102.78474426269531 
31.22211450000000 120.79315939999999 102.78474426269531 
31.22258370000000 120.79288480000000 105.00000000000000 
31.22321310000000 120.79288480000000 101.00000000000000 
31.22342490000000 120.79298400000000 101.81097412109375 
31.22384830000000 120.79319000000000 103.93698883056641 
31.22448530000000 120.79350280000000 103.93698883056641 
31.22466080000000 120.79399870000000 101.81097412109375 
31.22483630000000 120.79449459999999 100.00000000000000 
31.22501180000000 120.79499050000000 100.00000000000000 
31.22448530000000 120.79647820000000 100.00000000000000 
31.22321310000000 120.79708860000000 100.00000000000000 
31.22133630000000 120.79598990000000 100.78474426269531 
31.22086710000000 120.79572290000000 100.78474426269531 
31.22039790000000 120.79544830000000 100.00000000000000 
31.21969410000000 120.79503630000001 100.00000000000000 
31.21922490000000 120.79476160000000 99.78474426269531 
31.21875570000000 120.79448690000000 102.13898468017578 
31.21828650000000 120.79421230000000 104.56948852539062 
31.21781730000000 120.79393760000001 107.00000000000000 
31.21718780000000 120.79393760000001 102.00000000000000 
31.21697610000000 120.79403680000000 102.62194061279297 
31.21655080000000 120.79424280000001 104.74796295166016 
31.21612730000000 120.79444880000000 106.87397766113281 
31.21582790000000 120.79479980000001 109.00000000000000 
31.21565240000000 120.79529570000000 108.93698883056641 
31.21547690000000 120.79579160000000 106.81097412109375 
31.21547690000000 120.79628750000001 104.68495178222656 
31.21574020000000 120.79702750000000 104.00000000000000 
31.21591560000000 120.79752340000000 103.93698883056641 
31.21633910000000 120.79772939999999 101.81097412109375 
31.21676250000000 120.79793540000000 100.00000000000000 
31.21718780000000 120.79814140000001 100.00000000000000 
31.22047230000000 120.79621880000001 101.00000000000000 
31.22094150000000 120.79594419999999 100.78474426269531 
31.22187990000000 120.79540249999999 100.78474426269531 
31.22234910000000 120.79512780000000 99.78474426269531 
31.22258370000000 120.79499050000000 99.00000000000000 
31.22321310000000 120.79499050000000 100.00000000000000 
31.22448530000000 120.79560080000000 100.00000000000000 
31.22501180000000 120.79708860000000 100.00000000000000 
31.22448340000000 120.79857629999999 100.00000000000000 
31.22321310000000 120.79919430000000 100.00000000000000 
31.21945950000000 120.79699700000000 100.13898468017578 
31.21899030000000 120.79672239999999 102.56948852539062 
31.21852110000000 120.79644770000000 105.00000000000000 
31.21805190000000 120.79617300000000 102.56948852539062 
31.21781730000000 120.79603570000000 101.35424041748047 
31.21718780000000 120.79603570000000 100.00000000000000 
31.21697420000000 120.79614250000000 101.00000000000000 
31.21655080000000 120.79634849999999 100.93698883056641 
31.21612730000000 120.79655450000000 101.93698883056641 
31.21582790000000 120.79690549999999 104.00000000000000 
31.21565240000000 120.79740140000000 103.93698883056641 
31.21547690000000 120.79789730000000 101.81097412109375 
31.21547690000000 120.79839320000001 100.00000000000000 
31.21591560000000 120.79962920000000 100.00000000000000 
31.21718590000000 120.80024710000001 100.00000000000000 
31.22258370000000 120.79708860000000 100.00000000000000 
31.22321310000000 120.79708860000000 100.00000000000000 
31.22448340000000 120.79770660000000 100.00000000000000 
31.22501180000000 120.79919430000000 100.00000000000000 
31.22448340000000 120.80068199999999 100.00000000000000 
31.22321120000000 120.80130000000000 100.00000000000000 
31.21781730000000 120.79814140000001 100.00000000000000 
31.21718590000000 120.79814140000001 100.00000000000000 
31.21538730000000 120.79814140000001 100.00000000000000 
31.21448890000000 120.79785910000000 100.00000000000000 
31.21399490000000 120.79727930000000 100.84317779541016 
31.21376990000000 120.79682920000000 103.00000000000000 
31.21364970000000 120.79630270000000 100.84317779541016 
31.21371070000000 120.79550930000001 100.92158508300781 
31.21383090000000 120.79499050000000 100.92158508300781 
31.21416090000000 120.79460140000000 100.68634796142578 
31.21448890000000 120.79421990000000 102.84317779541016 
31.21493910000000 120.79407500000001 105.00000000000000 
31.21538920000000 120.79393760000001 102.92158508300781 
31.21606250000000 120.79414360000000 102.92158508300781 
31.21628760000000 120.79421990000000 102.00000000000000 
31.21920200000000 120.79719540000001 100.00000000000000 
31.21944230000000 120.79824820000000 100.00000000000000 
31.21920200000000 120.79930109999999 100.00000000000000 
31.21854400000000 120.80006400000001 100.00000000000000 
31.21764370000000 120.80034630000000 100.00000000000000 
31.21719360000000 120.80020900000000 100.34049224853516 
31.21674530000000 120.80006400000001 102.49732208251953 
31.21641540000000 120.79968260000000 104.65414428710938 
31.21608730000000 120.79929350000000 106.81097412109375 
31.21584700000000 120.79136650000000 106.81097412109375 
31.21593470000000 120.79112240000001 107.87397766113281 
31.21611020000000 120.79062650000000 110.00000000000000 
31.21628570000000 120.79013060000000 108.00000000000000 
31.21658700000000 120.78977960000000 106.93698883056641 
31.21701040000000 120.78957360000000 104.81097412109375 
31.21743390000000 120.78936760000001 102.68495178222656 
31.21807090000000 120.78946680000000 104.00000000000000 
31.21849440000000 120.78967280000001 102.00000000000000 
31.21891780000000 120.78987880000000 101.00000000000000 
31.21909330000000 120.79037470000000 101.93698883056641 
31.21935650000000 120.79112240000001 102.00000000000000 
31.21932790000000 120.79164120000000 101.00000000000000 
31.21897500000000 120.79246520000000 102.56943511962891 
31.21874040000000 120.79301450000000 105.00000000000000 
31.21850580000000 120.79356380000000 103.78472137451172 
31.21827120000000 120.79411310000000 103.78472137451172 
31.21803660000000 120.79466240000001 101.56943511962891 
31.21780200000000 120.79521170000000 104.00000000000000 
31.21756740000000 120.79575340000000 104.56943511962891 
31.21733280000000 120.79630270000000 107.00000000000000 
31.21709820000000 120.79685210000000 104.78472137451172 
31.21686170000000 120.79740140000000 102.35415649414062 
31.21674530000000 120.79767600000000 101.13887023925781 
31.21674530000000 120.79841610000000 100.00000000000000 
31.21727180000000 120.79990380000000 100.00000000000000 
31.21854200000000 120.80051419999999 100.00000000000000 
31.21981430000000 120.79990380000000 100.00000000000000 
31.22034260000000 120.79841610000000 100.00000000000000 
31.21952240000000 120.79649350000000 101.00000000000000 
31.21928780000000 120.79594419999999 101.00000000000000 
31.21905320000000 120.79539480000000 101.78472137451172 
31.21881860000000 120.79484549999999 101.78472137451172 
31.21858400000000 120.79429620000001 103.78472137451172 
31.21823120000000 120.79347220000000 104.00000000000000 
31.21799650000000 120.79293060000001 102.00000000000000 
31.21776190000000 120.79238119999999 99.56943511962891 
31.21764560000000 120.79210660000000 98.35415649414062 
31.21764560000000 120.79136650000000 100.68495178222656 
31.21773330000000 120.79112240000001 101.74796295166016 
31.21790880000000 120.79062650000000 103.87397766113281 
31.21808430000000 120.79013060000000 106.00000000000000 
31.21838560000000 120.78977960000000 104.93698883056641 
31.21880910000000 120.78957360000000 102.81097412109375 
31.21923250000000 120.78936760000001 100.68495178222656 
31.21965590000000 120.78936760000001 98.93698883056641 
31.22008130000000 120.78957360000000 101.00234985351562 
31.22050470000000 120.78977960000000 103.12837219238281 
31.22080420000000 120.79013060000000 105.25438690185547 
31.22097960000000 120.79062650000000 107.38040924072266 
31.22115510000000 120.79112240000001 109.50642395019531 
31.22112650000000 120.79164120000000 111.78472137451172 
31.22089190000000 120.79219050000000 111.78472137451172 
31.22065540000000 120.79273980000001 109.35415649414062 
31.22042080000000 120.79328910000000 106.92359161376953 
31.22018620000000 120.79383850000001 104.49302673339844 
31.21995160000000 120.79438780000000 102.06246185302734 
31.21971700000000 120.79493710000000 100.00000000000000 
31.21948240000000 120.79548640000000 97.78472137451172 
31.21924780000000 120.79602810000000 100.00000000000000 
31.21889680000000 120.79685210000000 100.00000000000000 
31.21854400000000 120.79767600000000 100.00000000000000 
31.21854400000000 120.79841610000000 100.00000000000000 
31.21907040000000 120.79990380000000 100.00000000000000 
31.22034070000000 120.80051419999999 100.00000000000000 
31.22161290000000 120.79990380000000 100.00000000000000 
31.22214120000000 120.79841610000000 100.00000000000000 
31.22167200000000 120.79731750000001 101.13887023925781 
31.22143740000000 120.79676809999999 103.56943511962891 
31.22120280000000 120.79621880000001 106.00000000000000 
31.22096820000000 120.79566950000000 103.56943511962891 
31.22073360000000 120.79512020000000 102.00000000000000 
31.22049900000000 120.79457090000000 100.78472137451172 
31.22026440000000 120.79402159999999 98.35415649414062 
31.22002980000000 120.79347220000000 100.00000000000000 
31.21979520000000 120.79293060000001 102.00000000000000 
31.21956250000000 120.79238119999999 100.00000000000000 
31.21944420000000 120.79210660000000 101.00000000000000 
31.21944420000000 120.79136650000000 102.00000000000000 
31.21961970000000 120.79087060000001 101.00000000000000 
31.21988290000000 120.79013060000000 101.00000000000000 
31.22018430000000 120.78977960000000 100.87397766113281 
31.22060770000000 120.78957360000000 103.00000000000000 
31.22103110000000 120.78936760000001 102.93698883056641 
31.22145460000000 120.78936760000001 100.93698883056641 
31.22209160000000 120.78967280000001 100.87397766113281 
31.22251510000000 120.78987880000000 103.00000000000000 
31.22269050000000 120.79037470000000 105.00000000000000 
31.22295370000000 120.79112240000001 106.00000000000000 
31.22292510000000 120.79164120000000 104.00000000000000 
31.22269050000000 120.79219050000000 103.78472137451172 
31.22233770000000 120.79301450000000 103.78472137451172 
31.22210310000000 120.79356380000000 105.78472137451172 
31.22186850000000 120.79411310000000 105.78472137451172 
31.22163390000000 120.79466240000001 103.35415649414062 
31.22139930000000 120.79521170000000 102.35415649414062 
31.22116470000000 120.79576110000001 104.78472137451172 
31.22093000000000 120.79630270000000 104.78472137451172 
31.22069540000000 120.79685210000000 102.35415649414062 
31.22045890000000 120.79740140000000 100.00000000000000 
31.22034260000000 120.79767600000000 100.00000000000000 
31.22034260000000 120.79841610000000 100.00000000000000 
31.22086900000000 120.79990380000000 100.00000000000000 
31.22214120000000 120.80051419999999 100.00000000000000 
31.22341150000000 120.79990380000000 100.00000000000000 
31.22393980000000 120.79841610000000 100.00000000000000 
31.22265050000000 120.79539480000000 101.00000000000000 
31.22241590000000 120.79484549999999 103.35415649414062 
31.22218130000000 120.79429620000001 105.78472137451172 
31.22171210000000 120.79320520000000 108.13887023925781 
31.22147750000000 120.79265590000000 110.56943511962891 
31.22124290000000 120.79210660000000 113.00000000000000 
31.22124290000000 120.79136650000000 113.00000000000000 
31.22133060000000 120.79112240000001 111.93698883056641 
31.22150610000000 120.79062650000000 109.81097412109375 
31.22168150000000 120.79013060000000 107.68495178222656 
31.22198290000000 120.78977960000000 105.55893707275391 
31.22240630000000 120.78957360000000 104.00000000000000 
31.22282980000000 120.78936760000001 106.00000000000000 
31.22325320000000 120.78936760000001 105.00000000000000 
31.22367850000000 120.78957360000000 106.00000000000000 
31.22410200000000 120.78977960000000 108.00000000000000 
31.22466460000000 120.79087060000001 106.00000000000000 
31.22484010000000 120.79136650000000 107.00000000000000 
31.22460550000000 120.79191580000000 105.78472137451172 
31.22437090000000 120.79246520000000 103.35415649414062 
31.22413630000000 120.79301450000000 104.00000000000000 
31.22390170000000 120.79356380000000 104.00000000000000 
31.22354880000000 120.79438780000000 102.00000000000000 
31.22331420000000 120.79493710000000 100.78472137451172 
31.22214120000000 120.79767600000000 100.00000000000000 
31.22214120000000 120.79841610000000 100.00000000000000 
31.22266760000000 120.79990380000000 100.00000000000000 
31.22393980000000 120.80051419999999 100.00000000000000 
31.22521010000000 120.79990380000000 100.00000000000000 
31.22573850000000 120.79841610000000 100.00000000000000 
31.22409620000000 120.79457090000000 100.78472137451172 
31.22386160000000 120.79402159999999 103.00000000000000 
31.22351070000000 120.79320520000000 102.00000000000000 
31.22315970000000 120.79238119999999 101.78472137451172 
31.22304150000000 120.79210660000000 103.00000000000000 
31.22304150000000 120.79136650000000 105.00000000000000 
31.22312920000000 120.79112240000001 106.00000000000000 
31.22330470000000 120.79062650000000 106.00000000000000 
31.22348020000000 120.79013060000000 104.87397766113281 
31.22378150000000 120.78977960000000 107.00000000000000 
31.22420500000000 120.78957360000000 108.00000000000000 
31.22462840000000 120.78936760000001 105.93698883056641 
31.22505180000000 120.78936760000001 105.00000000000000 
31.22568890000000 120.78967280000001 106.00000000000000 
31.22611230000000 120.78987880000000 106.00000000000000 
31.22628780000000 120.79037470000000 105.00000000000000 
31.22646330000000 120.79087060000001 103.93698883056641 
31.22663870000000 120.79136650000000 105.00000000000000 
31.22640410000000 120.79191580000000 105.13887023925781 
31.22616950000000 120.79246520000000 107.56943511962891 
31.22593490000000 120.79301450000000 110.00000000000000 
31.22570030000000 120.79356380000000 107.56943511962891 
31.22546570000000 120.79411310000000 105.13887023925781 
31.22523110000000 120.79466240000001 102.70830535888672 
31.22499650000000 120.79521170000000 100.27774047851562 
31.22393980000000 120.79767600000000 100.00000000000000 
31.22393980000000 120.79841610000000 100.00000000000000 
31.22446630000000 120.79990380000000 100.00000000000000 
31.22573850000000 120.80051419999999 100.00000000000000 
31.22700880000000 120.79990380000000 100.00000000000000 
31.22753710000000 120.79841610000000 100.00000000000000 
31.22601310000000 120.79484549999999 100.49302673339844 
31.22577850000000 120.79429620000001 102.92359161376953 
31.22554390000000 120.79374690000000 105.35415649414062 
31.22530930000000 120.79320520000000 107.78472137451172 
31.22507470000000 120.79265590000000 107.78472137451172 
31.22484010000000 120.79210660000000 105.35415649414062 
31.22484010000000 120.79136650000000 107.00000000000000 
31.22484010000000 120.79106899999999 106.00000000000000 
31.22484010000000 120.79046630000001 105.00000000000000 
31.22484010000000 120.78986350000000 104.00000000000000 
31.22484010000000 120.78926079999999 106.00000000000000 
