47.39786850000000 8.54936210000000 50.00000000000000 
47.39798770000000 8.55122870000000 615.19134521484375 
47.39772620000000 8.55122870000000 616.40295410156250 
47.39720330000000 8.55122870000000 618.82611083984375 
47.39668030000000 8.55122870000000 621.24932861328125 
47.39615730000000 8.55122870000000 623.67248535156250 
47.39563430000000 8.55122870000000 626.09564208984375 
47.39511120000000 8.55122870000000 628.51885986328125 
47.39458820000000 8.55122870000000 630.94201660156250 
47.39406520000000 8.55122870000000 633.36517333984375 
47.39354220000000 8.55122870000000 635.78839111328125 
47.39301920000000 8.55122870000000 638.21154785156250 
47.39249610000000 8.55122870000000 640.63470458984375 
47.39197310000000 8.55122870000000 643.05792236328125 
47.39145020000000 8.55122870000000 645.48107910156250 
47.39080700000000 8.55146220000000 648.60607910156250 
47.39042560000000 8.55169570000000 650.51947021484375 
47.39018850000000 8.55254100000000 653.38964843750000 
47.39026750000000 8.55338630000000 656.25976562500000 
47.39042560000000 8.55395000000000 658.17315673828125 
47.39099780000000 8.55430020000000 661.04327392578125 
47.39141980000000 8.55423660000000 660.78851318359375 
47.39188240000000 8.55387610000000 658.36553955078125 
47.39234490000000 8.55351550000000 655.94250488281250 
47.39280730000000 8.55315480000000 653.51953125000000 
47.39326990000000 8.55279430000000 651.09655761718750 
47.39373240000000 8.55243370000000 648.67352294921875 
47.39419490000000 8.55207310000000 646.25054931640625 
47.39442620000000 8.55189270000000 645.03906250000000 
47.39451610000000 8.55189270000000 645.03906250000000 
47.39478230000000 8.55189290000000 643.80554199218750 
47.39531480000000 8.55189290000000 641.33856201171875 
47.39584730000000 8.55189300000000 638.87158203125000 
47.39637980000000 8.55189300000000 636.40460205078125 
47.39691210000000 8.55189300000000 633.93762207031250 
47.39756000000000 8.55212650000000 630.79071044921875 
47.39794150000000 8.55236000000000 628.87731933593750 
47.39817860000000 8.55320540000000 626.70062255859375 
47.39809950000000 8.55405100000000 629.57073974609375 
47.39794140000000 8.55461470000000 631.48419189453125 
47.39736920000000 8.55496490000000 634.35430908203125 
47.39694720000000 8.55490120000000 636.52252197265625 
47.39648460000000 8.55454070000000 638.94549560546875 
47.39602220000000 8.55418010000000 641.36846923828125 
47.39555970000000 8.55381950000000 643.79144287109375 
47.39509710000000 8.55345880000000 646.21447753906250 
47.39463450000000 8.55309830000000 648.63745117187500 
47.39417210000000 8.55273770000000 651.06042480468750 
47.39394080000000 8.55255740000000 652.27191162109375 
47.39385080000000 8.55255740000000 652.27191162109375 
47.39358470000000 8.55255740000000 653.50537109375000 
47.39305230000000 8.55255740000000 655.97216796875000 
47.39251980000000 8.55255730000000 658.43902587890625 
47.39198740000000 8.55255730000000 660.90582275390625 
47.39145500000000 8.55255710000000 663.37268066406250 
47.39080720000000 8.55279060000000 666.51947021484375 
47.39042560000000 8.55302410000000 668.43292236328125 
47.39018850000000 8.55386940000000 671.30303955078125 
47.39026760000000 8.55471480000000 674.17315673828125 
47.39042560000000 8.55527830000000 676.08660888671875 
47.39118870000000 8.55574540000000 676.00000000000000 
47.39165130000000 8.55538470000000 673.57702636718750 
47.39211380000000 8.55502420000000 671.15399169921875 
47.39257620000000 8.55466360000000 668.73101806640625 
47.39303880000000 8.55430310000000 666.30804443359375 
47.39350120000000 8.55394250000000 663.88500976562500 
47.39396370000000 8.55358190000000 661.46203613281250 
47.39442630000000 8.55322120000000 659.03906250000000 
47.39451620000000 8.55322120000000 659.03906250000000 
47.39478250000000 8.55322140000000 657.80554199218750 
47.39531480000000 8.55322140000000 655.33856201171875 
47.39584740000000 8.55322150000000 652.87158203125000 
47.39637990000000 8.55322150000000 650.40460205078125 
47.39691220000000 8.55322150000000 647.93762207031250 
47.39756010000000 8.55345500000000 644.79071044921875 
47.39794160000000 8.55368850000000 642.87731933593750 
47.39817860000000 8.55453410000000 640.44085693359375 
47.39809960000000 8.55537960000000 643.31097412109375 
47.39794150000000 8.55594320000000 645.22442626953125 
47.39736930000000 8.55629340000000 648.09454345703125 
47.39694730000000 8.55622990000000 650.26275634765625 
47.39648470000000 8.55586930000000 652.68572998046875 
47.39602220000000 8.55550860000000 655.10870361328125 
47.39555970000000 8.55514790000000 657.53173828125000 
47.39509710000000 8.55478740000000 659.95471191406250 
47.39463470000000 8.55442680000000 662.37768554687500 
47.39417220000000 8.55406620000000 664.80072021484375 
47.39394100000000 8.55388580000000 666.01220703125000 
47.39385100000000 8.55388580000000 666.01220703125000 
47.39358480000000 8.55388580000000 667.24560546875000 
47.39305230000000 8.55388580000000 669.71246337890625 
47.39252000000000 8.55388580000000 672.17926025390625 
47.39198750000000 8.55388570000000 674.64611816406250 
47.39145500000000 8.55388550000000 677.11291503906250 
47.39080730000000 8.55411900000000 680.25976562500000 
47.39042570000000 8.55435250000000 682.17315673828125 
47.39018860000000 8.55519780000000 685.04327392578125 
47.39026760000000 8.55604320000000 688.00000000000000 
47.39042560000000 8.55660670000000 687.04327392578125 
47.39099790000000 8.55695690000000 684.04327392578125 
47.39165130000000 8.55671310000000 681.78851318359375 
47.39211380000000 8.55635270000000 680.78851318359375 
47.39257620000000 8.55599200000000 678.36553955078125 
47.39303890000000 8.55563160000000 675.94250488281250 
47.39350140000000 8.55527100000000 673.51953125000000 
47.39396380000000 8.55491030000000 671.09655761718750 
47.39442640000000 8.55454980000000 668.67352294921875 
47.39451630000000 8.55454980000000 668.67352294921875 
47.39478260000000 8.55454990000000 667.44006347656250 
47.39531490000000 8.55454990000000 664.97308349609375 
47.39584740000000 8.55454990000000 662.50610351562500 
47.39638000000000 8.55455010000000 660.03912353515625 
47.39691240000000 8.55455020000000 657.57208251953125 
47.39756020000000 8.55478370000000 654.42517089843750 
47.39794160000000 8.55501720000000 652.70062255859375 
47.39817870000000 8.55586270000000 655.57073974609375 
47.39809960000000 8.55670810000000 658.44085693359375 
47.39794160000000 8.55727190000000 660.35430908203125 
47.39736930000000 8.55762200000000 663.22442626953125 
47.39694730000000 8.55755840000000 665.39263916015625 
47.39648470000000 8.55719770000000 667.81561279296875 
47.39602230000000 8.55683720000000 670.23858642578125 
47.39555980000000 8.55647650000000 672.66162109375000 
47.39509720000000 8.55611590000000 675.08459472656250 
47.39463480000000 8.55575530000000 677.50756835937500 
47.39417230000000 8.55539460000000 679.93054199218750 
47.39394100000000 8.55521430000000 681.14208984375000 
47.39385110000000 8.55521430000000 681.14208984375000 
47.39358490000000 8.55521430000000 682.37548828125000 
47.39305240000000 8.55521430000000 684.84228515625000 
47.39252000000000 8.55521420000000 687.30914306640625 
47.39198760000000 8.55521400000000 689.77593994140625 
47.39145510000000 8.55521400000000 692.24279785156250 
47.39080740000000 8.55544740000000 695.38964843750000 
47.39042570000000 8.55568090000000 697.30303955078125 
47.39018880000000 8.55652620000000 700.17315673828125 
47.39026760000000 8.55737160000000 703.04327392578125 
47.39042570000000 8.55793520000000 703.04327392578125 
47.39099810000000 8.55828530000000 700.17315673828125 
47.39142010000000 8.55822190000000 698.00494384765625 
47.39188250000000 8.55786140000000 695.58197021484375 
47.39234510000000 8.55750080000000 693.15899658203125 
47.39280770000000 8.55714030000000 690.73596191406250 
47.39327010000000 8.55677970000000 688.31298828125000 
47.39373270000000 8.55641910000000 685.89001464843750 
47.39419520000000 8.55605860000000 683.46697998046875 
47.39442640000000 8.55587830000000 682.25549316406250 
47.39451640000000 8.55587830000000 682.25549316406250 
47.39478260000000 8.55587830000000 681.02203369140625 
47.39531510000000 8.55587850000000 678.55505371093750 
47.39584750000000 8.55587850000000 676.08807373046875 
47.39638000000000 8.55587860000000 673.62109375000000 
47.39691250000000 8.55587860000000 671.15405273437500 
47.39756020000000 8.55611220000000 668.00714111328125 
47.39794180000000 8.55634570000000 666.09375000000000 
47.39817870000000 8.55719130000000 663.22363281250000 
47.39809980000000 8.55803680000000 663.31097412109375 
47.39794160000000 8.55860040000000 665.22442626953125 
47.39736930000000 8.55895060000000 668.09454345703125 
47.39694730000000 8.55888700000000 670.26275634765625 
47.39648470000000 8.55852630000000 672.68572998046875 
47.39602230000000 8.55816570000000 675.10870361328125 
47.39555980000000 8.55780510000000 677.53173828125000 
47.39509740000000 8.55744440000000 679.95471191406250 
47.39463490000000 8.55708370000000 682.37768554687500 
47.39417230000000 8.55672320000000 684.80072021484375 
47.39394110000000 8.55654290000000 686.01220703125000 
47.39385120000000 8.55654290000000 686.01220703125000 
47.39358490000000 8.55654270000000 687.24560546875000 
47.39305240000000 8.55654270000000 689.71246337890625 
47.39252010000000 8.55654270000000 692.17926025390625 
47.39198770000000 8.55654260000000 694.64611816406250 
47.39145510000000 8.55654240000000 697.11291503906250 
47.39080750000000 8.55677580000000 700.25976562500000 
47.39042580000000 8.55700920000000 702.17315673828125 
47.39018880000000 8.55785450000000 705.04327392578125 
47.39026770000000 8.55870000000000 704.08660888671875 
47.39042570000000 8.55926360000000 702.17315673828125 
47.39118880000000 8.55973060000000 702.00000000000000 
47.39165140000000 8.55937000000000 699.57702636718750 
47.39211390000000 8.55900950000000 697.15399169921875 
47.39257630000000 8.55864890000000 694.73101806640625 
47.39303890000000 8.55828850000000 692.30804443359375 
47.39350150000000 8.55792790000000 689.88500976562500 
47.39396390000000 8.55756740000000 687.46203613281250 
47.39442640000000 8.55720680000000 685.03906250000000 
47.39451640000000 8.55720680000000 685.03906250000000 
47.39478270000000 8.55720680000000 683.80554199218750 
47.39531510000000 8.55720700000000 681.33856201171875 
47.39584750000000 8.55720710000000 678.87158203125000 
47.39638000000000 8.55720710000000 676.40460205078125 
47.39691250000000 8.55720730000000 673.93762207031250 
47.39756020000000 8.55744080000000 670.79071044921875 
47.39794190000000 8.55767440000000 668.87731933593750 
47.39817890000000 8.55851990000000 666.00714111328125 
47.39794160000000 8.55992900000000 666.22442626953125 
47.39736930000000 8.56027920000000 669.09454345703125 
47.39694730000000 8.56021560000000 671.26275634765625 
47.39648490000000 8.55985490000000 673.68572998046875 
47.39602240000000 8.55949420000000 676.10870361328125 
47.39555980000000 8.55913350000000 678.53173828125000 
47.39509740000000 8.55877300000000 680.95471191406250 
47.39463490000000 8.55841220000000 683.37768554687500 
47.39417230000000 8.55805170000000 685.80072021484375 
47.39394120000000 8.55787140000000 687.01220703125000 
47.39385120000000 8.55787140000000 687.01220703125000 
47.39358490000000 8.55787130000000 688.24560546875000 
47.39305260000000 8.55787110000000 690.71246337890625 
47.39252010000000 8.55787110000000 693.17926025390625 
47.39198770000000 8.55787100000000 695.64611816406250 
47.39145520000000 8.55787090000000 698.11291503906250 
47.39080750000000 8.55810410000000 701.25976562500000 
47.39042580000000 8.55833760000000 703.17315673828125 
47.39018880000000 8.55918290000000 706.04327392578125 
47.39026770000000 8.56002840000000 705.08660888671875 
47.39042570000000 8.56059200000000 703.17315673828125 
47.39099810000000 8.56094220000000 700.30303955078125 
47.39142010000000 8.56087880000000 698.13482666015625 
47.39188260000000 8.56051810000000 700.00000000000000 
47.39257640000000 8.55997750000000 698.78851318359375 
47.39303890000000 8.55961690000000 696.36553955078125 
47.39350150000000 8.55925630000000 693.94250488281250 
47.39396390000000 8.55889590000000 691.51953125000000 
47.39442640000000 8.55853520000000 689.09655761718750 
47.39451640000000 8.55853520000000 689.09655761718750 
47.39478270000000 8.55853540000000 687.86303710937500 
47.39531520000000 8.55853550000000 685.39605712890625 
47.39584750000000 8.55853550000000 682.92907714843750 
47.39638000000000 8.55853570000000 680.46209716796875 
47.39691260000000 8.55853580000000 677.99511718750000 
47.39756020000000 8.55876930000000 674.84820556640625 
47.39794190000000 8.55900290000000 672.93475341796875 
47.39817890000000 8.55984850000000 670.06463623046875 
47.39809980000000 8.56069400000000 667.19451904296875 
47.39794160000000 8.56125760000000 665.28112792968750 
47.39736930000000 8.56160770000000 667.08233642578125 
47.39694730000000 8.56154400000000 669.25054931640625 
47.39648490000000 8.56118330000000 671.67352294921875 
47.39602240000000 8.56082280000000 674.09655761718750 
47.39555980000000 8.56046200000000 676.51953125000000 
47.39509740000000 8.56010150000000 678.94250488281250 
47.39463490000000 8.55974080000000 681.36553955078125 
47.39417230000000 8.55938020000000 683.78851318359375 
47.39394120000000 8.55919990000000 685.00000000000000 
47.39385120000000 8.55919990000000 689.66583251953125 
47.39358490000000 8.55919980000000 690.89929199218750 
47.39305260000000 8.55919960000000 693.36608886718750 
47.39252020000000 8.55919950000000 695.83294677734375 
47.39198770000000 8.55919930000000 698.29974365234375 
47.39145520000000 8.55919930000000 700.76660156250000 
47.39042600000000 8.55966600000000 701.17315673828125 
47.39018880000000 8.56051140000000 704.04327392578125 
47.39026770000000 8.56135680000000 703.08660888671875 
47.39042570000000 8.56192040000000 701.17315673828125 
47.39118880000000 8.56238740000000 701.00000000000000 
47.39211390000000 8.56166640000000 698.78851318359375 
47.39257640000000 8.56130580000000 696.36553955078125 
47.39303890000000 8.56094540000000 693.94250488281250 
47.39350150000000 8.56058490000000 691.51953125000000 
47.39396390000000 8.56022430000000 689.09655761718750 
47.39442650000000 8.55986380000000 686.67352294921875 
47.39451640000000 8.55986380000000 686.67352294921875 
47.39478270000000 8.55986390000000 685.44006347656250 
47.39531520000000 8.55986390000000 682.97308349609375 
47.39584770000000 8.55986410000000 680.50610351562500 
47.39638000000000 8.55986420000000 678.03912353515625 
47.39691260000000 8.55986440000000 675.57208251953125 
47.39756030000000 8.56009800000000 672.42517089843750 
47.39794190000000 8.56033150000000 670.51177978515625 
47.39817890000000 8.56117710000000 667.64166259765625 
47.39809980000000 8.56202250000000 668.89831542968750 
47.39794160000000 8.56258620000000 670.81176757812500 
47.39736930000000 8.56293630000000 673.68188476562500 
47.39694730000000 8.56287270000000 675.85009765625000 
47.39648490000000 8.56251200000000 678.27307128906250 
47.39602240000000 8.56215130000000 680.69604492187500 
47.39555980000000 8.56179060000000 683.11901855468750 
47.39509740000000 8.56143000000000 685.54205322265625 
47.39463490000000 8.56106930000000 687.96502685546875 
47.39417230000000 8.56070870000000 690.38800048828125 
47.39394120000000 8.56052830000000 691.59948730468750 
47.39385120000000 8.56052830000000 691.59948730468750 
47.39358500000000 8.56052830000000 692.83294677734375 
47.39305260000000 8.56052800000000 695.29974365234375 
47.39252020000000 8.56052800000000 697.76660156250000 
47.39172140000000 8.56052770000000 701.00000000000000 
47.39118910000000 8.56052770000000 699.34631347656250 
47.39061670000000 8.56087760000000 702.21643066406250 
47.39026790000000 8.56155800000000 705.08660888671875 
47.39010980000000 8.56212150000000 707.00000000000000 
47.39034670000000 8.56296700000000 704.12988281250000 
47.39080730000000 8.56348230000000 701.25976562500000 
47.39118870000000 8.56371570000000 702.94250488281250 
47.39165140000000 8.56335530000000 705.36553955078125 
47.39211390000000 8.56299490000000 707.78851318359375 
47.39257630000000 8.56263440000000 707.78851318359375 
47.39303890000000 8.56227380000000 705.36553955078125 
47.39350150000000 8.56191320000000 702.94250488281250 
47.39396390000000 8.56155280000000 700.51953125000000 
47.39442650000000 8.56119230000000 698.09655761718750 
47.39451640000000 8.56119230000000 698.09655761718750 
47.39478270000000 8.56119240000000 696.86303710937500 
47.39531520000000 8.56119240000000 694.39605712890625 
47.39584770000000 8.56119270000000 691.92907714843750 
47.39638000000000 8.56119270000000 689.46209716796875 
47.39691260000000 8.56119300000000 686.99511718750000 
47.39756030000000 8.56142650000000 683.84820556640625 
47.39794190000000 8.56166000000000 681.93475341796875 
47.39817890000000 8.56250560000000 679.06463623046875 
47.39809980000000 8.56335120000000 676.19451904296875 
47.39794160000000 8.56391470000000 674.28112792968750 
47.39736930000000 8.56426490000000 671.41094970703125 
47.39694730000000 8.56420120000000 673.25054931640625 
47.39648470000000 8.56384050000000 675.67352294921875 
47.39602240000000 8.56347980000000 678.09655761718750 
47.39555980000000 8.56311910000000 680.51953125000000 
47.39509740000000 8.56275850000000 682.94250488281250 
47.39463490000000 8.56239780000000 685.36553955078125 
47.39417230000000 8.56203710000000 687.78851318359375 
47.39394120000000 8.56185680000000 689.00000000000000 
47.39385120000000 8.56185680000000 691.36608886718750 
47.39358500000000 8.56185670000000 692.59948730468750 
47.39305260000000 8.56185660000000 695.06634521484375 
47.39252020000000 8.56185640000000 697.53314208984375 
47.39198770000000 8.56185620000000 700.00000000000000 
47.39145520000000 8.56185610000000 697.76660156250000 
47.39099830000000 8.56197280000000 698.04327392578125 
47.39042600000000 8.56232280000000 700.17315673828125 
47.39018880000000 8.56316820000000 703.04327392578125 
47.39026770000000 8.56401350000000 702.00000000000000 
47.39042570000000 8.56457720000000 700.08660888671875 
47.39099790000000 8.56492750000000 697.21643066406250 
47.39142010000000 8.56486400000000 695.04827880859375 
47.39188250000000 8.56450340000000 692.62524414062500 
47.39303890000000 8.56360230000000 689.57702636718750 
47.39350150000000 8.56324180000000 687.15399169921875 
47.39396390000000 8.56288120000000 684.73101806640625 
47.39442650000000 8.56252080000000 682.30804443359375 
47.39451640000000 8.56252080000000 681.00000000000000 
47.39478270000000 8.56252080000000 679.76647949218750 
47.39531520000000 8.56252100000000 677.29949951171875 
47.39584770000000 8.56252110000000 674.83251953125000 
47.39638000000000 8.56252140000000 672.36553955078125 
47.39691260000000 8.56252140000000 669.89855957031250 
47.39794190000000 8.56298870000000 670.15808105468750 
47.39817890000000 8.56383430000000 673.02819824218750 
47.39809980000000 8.56467960000000 675.89831542968750 
47.39794160000000 8.56524340000000 677.81176757812500 
47.39736930000000 8.56559350000000 680.68188476562500 
47.39694730000000 8.56552980000000 682.85009765625000 
47.39648470000000 8.56516910000000 685.27307128906250 
47.39602230000000 8.56480840000000 687.69604492187500 
47.39555980000000 8.56444760000000 690.11901855468750 
47.39509740000000 8.56408690000000 692.54205322265625 
47.39463490000000 8.56372620000000 694.96502685546875 
47.39417230000000 8.56336570000000 697.38800048828125 
47.39394120000000 8.56318520000000 698.59948730468750 
47.39385120000000 8.56318520000000 698.59948730468750 
47.39358490000000 8.56318520000000 699.83294677734375 
47.39305260000000 8.56318510000000 702.29974365234375 
47.39252020000000 8.56318490000000 704.76660156250000 
47.39198770000000 8.56318460000000 704.76660156250000 
47.39118910000000 8.56318450000000 703.00000000000000 
47.39061660000000 8.56353450000000 701.08660888671875 
47.39018880000000 8.56449640000000 702.04327392578125 
47.39026760000000 8.56534190000000 701.08660888671875 
47.39042560000000 8.56590550000000 699.17315673828125 
47.39099790000000 8.56625590000000 696.30303955078125 
47.39141990000000 8.56619240000000 694.13482666015625 
47.39188250000000 8.56583200000000 691.71185302734375 
47.39257630000000 8.56529130000000 691.78851318359375 
47.39303890000000 8.56493070000000 691.78851318359375 
47.39350150000000 8.56457030000000 689.36553955078125 
47.39396390000000 8.56420980000000 686.94250488281250 
47.39442640000000 8.56384930000000 684.51953125000000 
47.39451640000000 8.56384930000000 684.51953125000000 
47.39478270000000 8.56384940000000 683.28601074218750 
47.39531520000000 8.56384960000000 680.81903076171875 
47.39584750000000 8.56384970000000 678.35205078125000 
47.39638000000000 8.56384980000000 675.88507080078125 
47.39691260000000 8.56385010000000 673.41809082031250 
47.39756020000000 8.56408370000000 670.27117919921875 
47.39794190000000 8.56431720000000 668.35778808593750 
47.39817870000000 8.56516280000000 665.48767089843750 
47.39802060000000 8.56629010000000 666.32183837890625 
47.39756000000000 8.56680530000000 669.19195556640625 
47.39717840000000 8.56703870000000 671.10540771484375 
47.39671600000000 8.56667800000000 673.52838134765625 
47.39625350000000 8.56631730000000 675.95135498046875 
47.39579090000000 8.56595660000000 678.37438964843750 
47.39532860000000 8.56559590000000 680.79736328125000 
47.39486600000000 8.56523520000000 683.22033691406250 
47.39440350000000 8.56487450000000 685.64337158203125 
47.39394120000000 8.56451380000000 688.06634521484375 
47.39385120000000 8.56451380000000 688.06634521484375 
47.39358490000000 8.56451360000000 689.29974365234375 
47.39305260000000 8.56451350000000 691.76660156250000 
47.39225390000000 8.56451320000000 691.76660156250000 
47.39172140000000 8.56451300000000 694.00000000000000 
47.39118910000000 8.56451290000000 695.00000000000000 
47.39042580000000 8.56497950000000 695.04327392578125 
47.39010960000000 8.56610660000000 697.00000000000000 
47.39042560000000 8.56723390000000 696.04327392578125 
47.39099780000000 8.56758430000000 693.17315673828125 
47.39141990000000 8.56752090000000 691.00494384765625 
47.39188250000000 8.56716030000000 688.58197021484375 
47.39234510000000 8.56679990000000 686.15899658203125 
47.39280760000000 8.56643950000000 683.73596191406250 
47.39327000000000 8.56607900000000 681.31298828125000 
47.39373270000000 8.56571840000000 678.89001464843750 
47.39419520000000 8.56535800000000 676.46697998046875 
47.39442640000000 8.56517770000000 675.25549316406250 
47.39451640000000 8.56517770000000 675.25549316406250 
47.39478270000000 8.56517790000000 674.02203369140625 
47.39531510000000 8.56517800000000 671.55505371093750 
47.39584750000000 8.56517830000000 669.08807373046875 
47.39638000000000 8.56517830000000 666.62109375000000 
47.39691250000000 8.56517860000000 664.15405273437500 
47.39756020000000 8.56541230000000 661.00714111328125 
47.39794180000000 8.56564590000000 659.57073974609375 
47.39817870000000 8.56649140000000 662.44085693359375 
47.39809960000000 8.56733680000000 665.31097412109375 
47.39794140000000 8.56790050000000 667.22442626953125 
47.39736920000000 8.56825050000000 670.09454345703125 
47.39694710000000 8.56818680000000 672.26275634765625 
47.39648460000000 8.56782610000000 674.68572998046875 
47.39602220000000 8.56746540000000 677.10870361328125 
47.39555970000000 8.56710470000000 679.53173828125000 
47.39509720000000 8.56674400000000 681.95471191406250 
47.39463480000000 8.56638330000000 684.37768554687500 
47.39417230000000 8.56602260000000 686.80072021484375 
47.39394110000000 8.56584230000000 688.01220703125000 
47.39385120000000 8.56584230000000 688.01220703125000 
47.39358490000000 8.56584210000000 689.24560546875000 
47.39305240000000 8.56584200000000 691.71246337890625 
47.39252010000000 8.56584180000000 694.17926025390625 
47.39198770000000 8.56584150000000 696.64611816406250 
47.39145510000000 8.56584140000000 699.11291503906250 
47.39080740000000 8.56607470000000 702.25976562500000 
47.39042580000000 8.56630800000000 704.17315673828125 
47.39018860000000 8.56715330000000 707.04327392578125 
47.39026760000000 8.56799870000000 706.08660888671875 
47.39042560000000 8.56856240000000 704.17315673828125 
47.39099780000000 8.56891270000000 701.30303955078125 
47.39141980000000 8.56884930000000 699.13482666015625 
47.39188240000000 8.56848870000000 696.71185302734375 
47.39234500000000 8.56812830000000 694.28887939453125 
47.39280740000000 8.56776790000000 691.86584472656250 
47.39327000000000 8.56740750000000 689.44287109375000 
47.39373260000000 8.56704690000000 687.01989746093750 
47.39419520000000 8.56668650000000 684.59686279296875 
47.39442640000000 8.56650630000000 683.38537597656250 
47.39451640000000 8.56650630000000 683.38537597656250 
47.39478260000000 8.56650640000000 682.15191650390625 
47.39531510000000 8.56650660000000 679.68493652343750 
47.39584750000000 8.56650670000000 677.21789550781250 
47.39638000000000 8.56650700000000 674.75091552734375 
47.39691250000000 8.56650720000000 672.28393554687500 
47.39756020000000 8.56674080000000 669.13702392578125 
47.39794180000000 8.56697440000000 667.22363281250000 
47.39817860000000 8.56782000000000 664.35351562500000 
47.39809950000000 8.56866550000000 661.48339843750000 
47.39794140000000 8.56922910000000 662.09454345703125 
47.39736910000000 8.56957920000000 664.96466064453125 
47.39694710000000 8.56951550000000 667.13287353515625 
47.39648460000000 8.56915470000000 669.55584716796875 
47.39602200000000 8.56879400000000 671.97888183593750 
47.39555970000000 8.56843320000000 674.40185546875000 
47.39509710000000 8.56807250000000 676.82482910156250 
47.39463470000000 8.56771180000000 679.24780273437500 
47.39417230000000 8.56735110000000 681.67083740234375 
47.39394100000000 8.56717080000000 682.88232421875000 
47.39385110000000 8.56717070000000 682.88232421875000 
47.39358490000000 8.56717050000000 684.11572265625000 
47.39305240000000 8.56717040000000 686.58258056640625 
47.39252000000000 8.56717020000000 689.04937744140625 
47.39198760000000 8.56716990000000 691.51623535156250 
47.39145510000000 8.56716980000000 693.98303222656250 
47.39080740000000 8.56740310000000 697.12988281250000 
47.39042570000000 8.56763640000000 699.04327392578125 
47.39018850000000 8.56848170000000 698.08660888671875 
47.39026750000000 8.56932700000000 696.08660888671875 
47.39042550000000 8.56989080000000 694.17315673828125 
47.39099770000000 8.57024110000000 691.30303955078125 
47.39141980000000 8.57017770000000 689.13482666015625 
47.39188230000000 8.56981730000000 686.71185302734375 
47.39234490000000 8.56945680000000 684.28887939453125 
47.39280730000000 8.56909640000000 681.86584472656250 
47.39327000000000 8.56873590000000 679.44287109375000 
47.39373260000000 8.56837550000000 677.01989746093750 
47.39419510000000 8.56801490000000 674.59686279296875 
47.39442640000000 8.56783480000000 673.38537597656250 
47.39451630000000 8.56783480000000 673.38537597656250 
47.39478250000000 8.56783490000000 672.15191650390625 
47.39531490000000 8.56783510000000 669.68493652343750 
47.39584740000000 8.56783530000000 667.21789550781250 
47.39637990000000 8.56783550000000 664.75091552734375 
47.39691240000000 8.56783570000000 662.28393554687500 
47.39756020000000 8.56806930000000 659.13702392578125 
47.39794160000000 8.56830300000000 657.22363281250000 
47.39817860000000 8.56914860000000 654.35351562500000 
47.39809950000000 8.56999400000000 651.48339843750000 
47.39794140000000 8.57055770000000 652.09454345703125 
47.39736900000000 8.57090770000000 654.96466064453125 
47.39694700000000 8.57084390000000 657.13287353515625 
47.39648450000000 8.57048330000000 659.55584716796875 
47.39602190000000 8.57012250000000 661.97888183593750 
47.39555960000000 8.56976180000000 664.40185546875000 
47.39509710000000 8.56940110000000 666.82482910156250 
47.39463470000000 8.56904030000000 669.24780273437500 
47.39417220000000 8.56867960000000 671.67083740234375 
47.39394100000000 8.56849920000000 672.88232421875000 
47.39385100000000 8.56849920000000 672.88232421875000 
47.39358480000000 8.56849910000000 674.11572265625000 
47.39305230000000 8.56849890000000 676.58258056640625 
47.39252000000000 8.56849860000000 679.04937744140625 
47.39198750000000 8.56849850000000 681.51623535156250 
47.39145500000000 8.56849810000000 683.98303222656250 
47.39080730000000 8.56873150000000 687.12988281250000 
47.39042560000000 8.56896480000000 689.04327392578125 
47.39018850000000 8.56981010000000 688.08660888671875 
47.39026740000000 8.57065540000000 685.21643066406250 
47.39042540000000 8.57121920000000 683.30303955078125 
47.39099760000000 8.57156940000000 680.43292236328125 
47.39141970000000 8.57150600000000 678.26470947265625 
47.39188220000000 8.57114560000000 675.84173583984375 
47.39234470000000 8.57078520000000 673.41870117187500 
47.39280730000000 8.57042480000000 670.99572753906250 
47.39326990000000 8.57006440000000 668.57275390625000 
47.39373250000000 8.56970390000000 666.14978027343750 
47.39419490000000 8.56934350000000 663.72674560546875 
47.39442630000000 8.56916330000000 662.51525878906250 
47.39451620000000 8.56916330000000 662.51525878906250 
47.39478250000000 8.56916330000000 661.28179931640625 
47.39531480000000 8.56916360000000 658.81475830078125 
47.39584740000000 8.56916390000000 656.34777832031250 
47.39637990000000 8.56916410000000 653.88079833984375 
47.39691220000000 8.56916420000000 651.41381835937500 
47.39756010000000 8.56939800000000 648.26690673828125 
47.39794150000000 8.56963150000000 646.35351562500000 
47.39817850000000 8.57047710000000 643.48339843750000 
47.39809940000000 8.57132270000000 640.61322021484375 
47.39794120000000 8.57188620000000 638.87811279296875 
47.39736880000000 8.57223630000000 641.74822998046875 
47.39694670000000 8.57217260000000 643.91644287109375 
47.39648440000000 8.57181170000000 646.33941650390625 
47.39602190000000 8.57145100000000 648.76239013671875 
47.39555950000000 8.57109030000000 651.18536376953125 
47.39509700000000 8.57072960000000 653.60839843750000 
47.39463450000000 8.57036870000000 656.03137207031250 
47.39417210000000 8.57000800000000 658.45434570312500 
47.39394080000000 8.56982770000000 659.66583251953125 
47.39385080000000 8.56982770000000 659.66583251953125 
47.39358470000000 8.56982760000000 660.89929199218750 
47.39305230000000 8.56982740000000 663.36608886718750 
47.39251980000000 8.56982710000000 665.83294677734375 
47.39198740000000 8.56982680000000 668.29974365234375 
47.39145500000000 8.56982670000000 670.76660156250000 
47.39099790000000 8.56994310000000 673.04327392578125 
47.39042560000000 8.57029320000000 673.00000000000000 
47.39018840000000 8.57113850000000 670.08660888671875 
47.39026730000000 8.57198390000000 667.21643066406250 
47.39042510000000 8.57254740000000 665.30303955078125 
47.39099750000000 8.57289780000000 662.43292236328125 
47.39141950000000 8.57283440000000 660.26470947265625 
47.39188200000000 8.57247400000000 657.84173583984375 
47.39234460000000 8.57211360000000 655.41870117187500 
47.39280720000000 8.57175320000000 652.99572753906250 
47.39326980000000 8.57139290000000 650.57275390625000 
47.39373240000000 8.57103240000000 648.14978027343750 
47.39419480000000 8.57067200000000 645.78851318359375 
47.39442620000000 8.57049170000000 644.57702636718750 
47.39451610000000 8.57049170000000 644.57702636718750 
47.39478230000000 8.57049190000000 643.34350585937500 
47.39531480000000 8.57049200000000 640.87652587890625 
47.39584730000000 8.57049230000000 638.40954589843750 
47.39637980000000 8.57049260000000 635.94256591796875 
47.39691210000000 8.57049290000000 633.47558593750000 
47.39756000000000 8.57072660000000 630.32867431640625 
47.39794140000000 8.57096020000000 628.41522216796875 
47.39817840000000 8.57180580000000 625.54510498046875 
47.39809920000000 8.57265130000000 623.29882812500000 
47.39794110000000 8.57321490000000 625.21221923828125 
47.39736870000000 8.57356480000000 628.08233642578125 
47.39694670000000 8.57350110000000 630.25054931640625 
47.39648430000000 8.57314040000000 632.67352294921875 
47.39602180000000 8.57277960000000 635.09655761718750 
47.39555930000000 8.57241880000000 637.51953125000000 
47.39509690000000 8.57205810000000 639.94250488281250 
47.39463440000000 8.57169730000000 642.36553955078125 
47.39417200000000 8.57133660000000 644.78851318359375 
47.39394070000000 8.57115610000000 646.00000000000000 
47.39385070000000 8.57115610000000 654.66595458984375 
47.39358360000000 8.57115610000000 655.90411376953125 
47.39304910000000 8.57115580000000 658.38037109375000 
47.39251470000000 8.57115550000000 660.85668945312500 
47.39198020000000 8.57115540000000 663.33300781250000 
47.39144570000000 8.57115510000000 665.80926513671875 
47.39091120000000 8.57115490000000 668.28558349609375 
47.39037670000000 8.57115460000000 670.76184082031250 
47.39010950000000 8.57115450000000 672.00000000000000 
