47.39769607000000 8.55032003000000 50.00000000000000 
47.39476754449137 8.55150342385270 664.30633260020784 
47.39450699335696 8.55150342221718 665.51349914270634 
47.39398589108812 8.55150341894619 667.92783222780201 
47.39346478881927 8.55150341567526 670.34216531293066 
47.39294368655045 8.55150341240440 672.75649839796051 
47.39242258428160 8.55150340913361 675.17083148305619 
47.39190148201277 8.55150340586288 677.58516456811890 
47.39138037974394 8.55150340259221 679.99949765314875 
47.39085927747511 8.55150339932161 682.41383073821146 
47.39033817520627 8.55150339605107 684.82816382327417 
47.38981707293743 8.55150339278060 687.24249690836984 
47.38929597066860 8.55150338951019 689.65682999343267 
47.38877486839975 8.55150338623985 692.07116307856131 
47.38825376613093 8.55150338296957 694.48549616355820 
47.38761166791159 8.55173682437128 697.60607986784305 
47.38723012035277 8.55197026402845 699.51949702958279 
47.38699305868778 8.55281559659321 702.38962277219184 
47.38707207669111 8.55366092691715 705.25974851478964 
47.38723011386847 8.55422448478861 707.17316567651233 
47.38780243301449 8.55457465272478 710.04329141914252 
47.38938072704507 8.55360971588571 708.78850402181456 
47.38984323185692 8.55324914950511 706.36551206558795 
47.39030573553818 8.55288857679625 703.94252010932894 
47.39076823808878 8.55252799775894 701.51952815308368 
47.39123073950870 8.55216741239298 699.09653619683752 
47.39132067156766 8.55216741295739 699.09653619683752 
47.39158731003246 8.55216743776255 697.86116627604827 
47.39212058696205 8.55216748737362 695.39042643443679 
47.39265386389162 8.55216753698570 692.91968659292399 
47.39318714082120 8.55216758659879 690.44894675137812 
47.39372041775079 8.55216763621287 687.97820690979927 
47.39436860660742 8.55240112050479 684.82941982730108 
47.39475015652527 8.55263458337004 684.51949702965067 
47.39498721880156 8.55348003999076 687.38962277224471 
47.39490818897926 8.55432549486892 690.25974851483500 
47.39475013701692 8.55488912580206 692.17316567656121 
47.39417780590222 8.55523929721837 695.04329141911262 
47.39306201714297 8.55463483824128 694.57700804427907 
47.39259950970489 8.55427425718914 692.15401608857508 
47.39213700113616 8.55391368246606 692.57700804426713 
47.39167449143682 8.55355311407184 695.00000000000000 
47.39121198060689 8.55319255200629 694.78850402214277 
47.39074946864643 8.55283199626919 692.36551206642309 
47.39065953658748 8.55283199457122 694.28098594136884 
47.39039621161749 8.55283196665552 695.50100402002761 
47.38986956167747 8.55283191082497 697.94104017750954 
47.38934291173746 8.55283185499553 700.38107633495849 
47.38881626179744 8.55283179916720 702.82111249240734 
47.38828961185744 8.55283174333999 705.26114864982310 
47.38764473710576 8.55306514899403 708.39458389036145 
47.38726318685025 8.55329857918172 710.30800105204958 
47.38702611541979 8.55414390630212 713.17812679463987 
47.38710512365763 8.55498923914742 716.04825253722061 
47.38726315432459 8.55555280135497 717.96166969895148 
47.38783546942528 8.55590298393446 720.83179544149925 
47.38825749721397 8.55583944595865 723.00000000000000 
47.38964502923181 8.55475780958546 722.78850402240619 
47.39010753764346 8.55439725147196 720.36551206714705 
47.39057004492452 8.55403668703025 717.94252011198944 
47.39103255107500 8.55367611626013 715.51952815679715 
47.39126380372625 8.55349582850186 714.30803217919561 
47.39135373578520 8.55349583133296 714.30803217919561 
47.39162285114823 8.55349586296856 713.06118647235826 
47.39216108187426 8.55349592624074 710.56749505881510 
47.39269931260031 8.55349598951421 708.07380364523897 
47.39323754332634 8.55349605278897 705.58011223169547 
47.39377577405239 8.55349611606502 703.08642081808603 
47.39442643711012 8.55372961706295 699.92615794959522 
47.39480798433080 8.55396308980325 700.09650507492904 
47.39504503683982 8.55480855332798 702.96663081752877 
47.39496599725030 8.55565400714121 705.83675656012736 
47.39480793877653 8.55621763470800 707.75017372187654 
47.39423560361649 8.55656779207987 710.62029946447501 
47.39381357462896 8.55650420583952 712.78850402264163 
47.39311982184103 8.55596330431177 711.78850402265812 
47.39265731856892 8.55560271120510 713.78850402268085 
47.39150105544183 8.55470125612834 716.53174014996750 
47.39103854821236 8.55434068517309 718.95473210459522 
47.39080729417365 8.55416040206868 720.16622808194302 
47.39071736211474 8.55416039810370 720.16622808194302 
47.39045156024654 8.55416036341033 721.39772194668558 
47.38991995651016 8.55416029402465 723.86070967607179 
47.38938835277376 8.55416022464036 726.32369740549075 
47.38885674903737 8.55416015525747 728.78668513494245 
47.38832514530098 8.55416008587599 731.24967286432809 
47.38767779095448 8.55439347528322 734.39458389084086 
47.38729623800237 8.55462689600125 736.30800105256060 
47.38705915680649 8.55547221767679 739.17812679516226 
47.38713815527880 8.55631755304296 742.04825253775857 
47.38729617943530 8.55688111958630 743.96166969948911 
47.38786849049049 8.55723131680896 746.83179544207712 
47.38829051901299 8.55716778942974 749.00000000000000 
47.38921554981821 8.55644672770427 745.57700804589774 
47.38967806352523 8.55608618735012 744.78850402298781 
47.39014057610181 8.55572564066809 742.36551206879608 
47.39060308754789 8.55536508765798 739.94252011467256 
47.39106559786346 8.55500452831959 737.51952816052062 
47.39129685259729 8.55482424627724 736.30803218343510 
47.39138678465617 8.55482425137504 736.30803218343510 
47.39163368671174 8.55482428645770 735.16410355382675 
47.39212749082284 8.55482435662399 732.87624629474158 
47.39262129493394 8.55482442679160 730.58838903565618 
47.39311509904506 8.55482449696053 728.30053177647187 
47.39360890315617 8.55482456713077 726.01267451735316 
47.39410270726727 8.55482463730232 723.72481725826731 
47.39486579678815 8.55529159915185 722.88500909915558 
47.39510283952978 8.55613706958014 725.75513484175735 
47.39502379017301 8.55698252232793 728.62526058435537 
47.39486572518788 8.55754614652803 730.53867774606806 
47.39429338598265 8.55789628985517 733.40880348869621 
47.39387135772989 8.55783269290591 735.57700804638898 
47.39340886032021 8.55747207825038 738.00000000000000 
47.39271511208532 8.55693116813520 735.78850402317994 
47.39225261184855 8.55657056930353 733.36551206957336 
47.39179011048102 8.55620997680106 735.20548631866097 
47.39132760798275 8.55584939062758 737.62847827230439 
47.39086510435381 8.55548881078290 740.05147022590495 
47.39077517229496 8.55548880455091 740.05147022590495 
47.39050689352872 8.55548876295497 741.29443987628213 
47.38997033599627 8.55548867976436 743.78037917697054 
47.38943377846379 8.55548859657545 746.26631847775741 
47.38889722093133 8.55548851338823 748.75225777844526 
47.38836066339887 8.55548843020270 751.23819707916573 
47.38771082945781 8.55572180323809 754.39458389132938 
47.38732927380921 8.55595521448629 756.30800105301591 
47.38709218284797 8.55680053071645 759.17812679560529 
47.38717117155468 8.55764586860302 762.04825253821718 
47.38732918920066 8.55820943948181 763.96166969993931 
47.38790149621018 8.55855965134749 766.83179544255302 
47.38832352546639 8.55849613456494 769.00000000000000 
47.38878604559878 8.55813561829726 766.57700804691615 
47.38924856460090 8.55777509570222 764.15401609376556 
47.38971108247266 8.55741456677965 761.73102414068182 
47.39017359921405 8.55705403152933 759.30803218756307 
47.39063611482503 8.55669348995107 756.88504023445807 
47.39109862930555 8.55633294204467 754.46204828136001 
47.39132988612188 8.55615266571836 753.25055230482621 
47.39141981818072 8.55615267308288 753.25055230482621 
47.39166897196166 8.55615271460210 752.09619114308759 
47.39216727952356 8.55615279764173 749.78746881961024 
47.39266558708544 8.55615288068292 747.47874649623145 
47.39316389464734 8.55615296372568 745.17002417275353 
47.39366220220924 8.55615304677002 742.86130184927526 
47.39416050977112 8.55615312981592 740.55257952586260 
47.39473282304348 8.55650336474736 737.68245378332404 
47.39508161657069 8.55718376212421 734.81232804071419 
47.39523963648134 8.55774741621388 732.89891087898832 
47.39500253234443 8.55859285126754 730.02878513640110 
47.39454193420248 8.55910808162788 732.00000000000000 
47.39416037168030 8.55934149861411 733.78850402368198 
47.39323538519372 8.55862024519402 737.00000000000000 
47.39277289025403 8.55825962797871 739.03324858676660 
47.39231039418345 8.55789901709296 741.45624053937570 
47.39184789698204 8.55753841253658 743.87923249196683 
47.39138539864984 8.55717781430936 746.30222444452011 
47.39092289918686 8.55681722241111 748.72521639710328 
47.39083296712809 8.55681721391209 748.72521639710328 
47.39058682561527 8.55681716970897 749.86562133860798 
47.39009454258959 8.55681708130396 752.14643122171583 
47.38960225956392 8.55681699290060 754.42724110482334 
47.38910997653825 8.55681690449890 756.70805098793062 
47.38861769351258 8.55681681609885 758.98886087103745 
47.38812541048691 8.55681672770045 761.26967075411108 
47.38755307350240 8.55716683416935 764.13979649670307 
47.38720422781008 8.55784707600389 767.00992223928893 
47.38704615858771 8.55841061399180 768.92333940101048 
47.38728317839816 8.55925597301141 771.79346514359872 
47.38774371904822 8.55977124453474 774.66359088618515 
47.38812525400178 8.56000473140891 776.57700804792694 
47.38858777886376 8.55964422973631 779.00000000000000 
47.38905030259554 8.55928372173660 776.78850402393437 
47.38951282519705 8.55892320740958 774.36551207190189 
47.38997534666829 8.55856268675505 771.94252011982940 
47.39043786700920 8.55820215977282 769.51952816779749 
47.39090038621976 8.55784162646268 767.09653621573329 
47.39136290429992 8.55748108682445 764.67354426368831 
47.39145283635864 8.55748109645569 764.67354426368831 
47.39170424186485 8.55748114452503 763.50875057001997 
47.39220705287726 8.55748124066506 761.17916318274888 
47.39270986388967 8.55748133680694 758.84957579547734 
47.39321267490208 8.55748143295065 756.51998840820545 
47.39371548591449 8.55748152909619 754.19040102093311 
47.39421829692691 8.55748162524356 751.86081363362757 
47.39479060615303 8.55783187498706 748.99068789107730 
47.39513939181976 8.55851228190312 746.12056214847223 
47.39529740521867 8.55907594059446 744.20714498673203 
47.39506029131471 8.55992137059718 741.33701924414981 
47.39459968722053 8.56043658991026 738.46689350156691 
47.39421812200179 8.56066999753304 739.98319402516381 
47.39375563349056 8.56030935560359 742.40618597665787 
47.39329314384828 8.55994872000426 744.82917792819717 
47.39283065307502 8.55958809073485 747.25216987973783 
47.39236816117079 8.55922746779517 749.67516183131590 
47.39190566813566 8.55886685118503 752.09815378282951 
47.39144317396966 8.55850624090421 754.52114573431709 
47.39098067867280 8.55814563695253 756.94413768587287 
47.39089074661414 8.55814562618647 756.94413768587287 
47.39064235337608 8.55814557548119 758.09497515932458 
47.39014556689996 8.55814547407205 760.39665010622775 
47.38964878042385 8.55814537266483 762.69832505309762 
47.38915199394773 8.55814527125952 765.00000000000000 
47.38865520747162 8.55814516985611 762.69832505316390 
47.38815842099550 8.55814506845462 761.48116673067341 
47.38758607996654 8.55849516071816 764.35129247319423 
47.38723722641588 8.55917539418673 767.22141821583193 
47.38707915068334 8.55973892854361 769.13483537756167 
47.38731616072787 8.56058429406560 772.00496112014457 
47.38777669542528 8.56109957751811 774.87508686274339 
47.38815822768146 8.56133307415418 776.78850402449632 
47.38862075670774 8.56097258391332 776.78850402451360 
47.38908328460391 8.56061208734548 774.36551207348202 
47.38954581136989 8.56025158445047 771.94252012245261 
47.39000833700567 8.55989107522809 769.51952817141330 
47.39047086151118 8.55953055967814 767.09653622042083 
47.39093338488641 8.55917003780042 764.67354426942620 
47.39139590713132 8.55880950959474 762.25055231839610 
47.39148583918992 8.55880952149271 762.25055231839610 
47.39173949642124 8.55880957622569 761.07532609312102 
47.39224681088391 8.55880968569324 758.72487364250469 
47.39275412534658 8.55880979516289 756.37442119188790 
47.39326143980925 8.55880990463465 754.02396874123758 
47.39376875427191 8.55881001410852 751.67351629065274 
47.39427606873458 8.55881012358449 749.32306384000151 
47.39484837391430 8.55916038813992 746.45293809739132 
47.39519715172042 8.55984080459483 743.58281235483491 
47.39535515860750 8.56040446788756 744.09522765956331 
47.39511803493654 8.56124989283881 746.96535340213575 
47.39465742489021 8.56176510110427 749.83547914477481 
47.39427585697503 8.56199849936341 751.74889630649852 
47.39381337263051 8.56163784537967 754.17188825697997 
47.39335088715489 8.56127719772622 756.59488020746278 
47.39288840054820 8.56091655640287 759.01787215792444 
47.39242591281049 8.56055592140941 761.44086410837963 
47.39196342394177 8.56019529274565 763.86385605889598 
47.39150093394211 8.55983467041138 766.28684800934252 
47.39103844281152 8.55947405440642 768.70983995986649 
47.39094851075300 8.55947404137331 768.70983995986649 
47.39069786578987 8.55947398405232 769.87110996487536 
47.39019657586360 8.55947386941196 772.19364997492573 
47.38969528593734 8.55947375477379 774.51618998494268 
47.38919399601107 8.55947364013779 776.83872999495907 
47.38869270608480 8.55947352550398 776.83872999495918 
47.38819141615853 8.55947341087234 774.51618998494394 
47.38761907108527 8.55982348893025 771.64606424239764 
47.38711212743370 8.56106724475794 772.08658283826685 
47.38742812642398 8.56219440914582 772.08658283827970 
47.38800042129542 8.56254466493964 769.21645709569657 
47.38842245275197 8.56248117994754 767.04825253989327 
47.38888498537743 8.56212069797527 764.62526058992512 
47.38934751687280 8.56176020967606 762.20226863995413 
47.38981004723804 8.56139971504971 762.00000000000000 
47.39027257647314 8.56103921409604 759.57700805002173 
47.39073510457802 8.56067870681483 757.15401610009724 
47.39119763155269 8.56031819320589 754.73102415007145 
47.39142889461616 8.56013793402847 753.51952817512984 
47.39151882667461 8.56013794819317 750.00000000000000 
47.39279837145614 8.56013825575001 748.62868248673146 
47.39331018936876 8.56013837877693 746.25736497342939 
47.39382200728139 8.56013850180624 743.88604746009378 
47.39433382519400 8.56013862483794 741.51472994679045 
47.39490612632711 8.56048890420517 741.71311690339405 
47.39525489627251 8.56116933019859 744.58324264599605 
47.39541289664771 8.56173299809239 746.49665980773739 
47.39517576320978 8.56257841799166 749.36678555034359 
47.39471514721142 8.56309361520913 752.23691129296765 
47.39433357659991 8.56332700410446 754.15032845466339 
47.39387109642227 8.56296633806658 756.57332040406698 
47.39340861511344 8.56260567835916 758.99631235348625 
47.39294613267347 8.56224502498200 761.41930430295452 
47.39248364910240 8.56188437793490 763.84229625236992 
47.39202116440025 8.56152373721767 766.26528820179999 
47.39155867856710 8.56116310283010 768.68828015116424 
47.39109619160293 8.56080247477201 771.11127210065445 
47.39100625954458 8.56080245947184 771.11127210065445 
47.39075336285651 8.56080239542158 772.28297463697140 
47.39024756948039 8.56080226732291 774.62637970953892 
47.38974177610424 8.56080213922669 776.96978478220456 
47.38923598272812 8.56080201113294 779.31318985477083 
47.38873018935198 8.56080188304165 781.65659492743509 
47.38822439597586 8.56080175495281 784.00000000000000 
47.38765204685843 8.56115181880484 781.12987425739277 
47.38730317759137 8.56183203554019 778.25974851480703 
47.38714508883861 8.56239556263400 776.34633135308468 
47.38738207935105 8.56324094115933 773.47620561049087 
47.38784260214268 8.56375624846943 770.60607986789898 
47.38822412900374 8.56398976462900 768.69266270616799 
47.38868666635828 8.56362929725236 766.26967075726293 
47.38914920258284 8.56326882354901 763.84667880835002 
47.38961173767736 8.56290834351877 761.78850402553223 
47.39007427164182 8.56254785716143 759.36551207662853 
47.39053680447616 8.56218736447680 756.94252012771267 
47.39099933618036 8.56182686546467 754.51952817880465 
47.39146186675438 8.56146636012485 752.09653622988969 
47.39155179881266 8.56146637655630 752.09653622988969 
47.39180995949381 8.56146644495721 750.90044494213635 
47.39232628085608 8.56146658176103 748.50826236676073 
47.39284260221835 8.56146671856753 746.11607979135135 
47.39335892358063 8.56146685537672 743.72389721594129 
47.39387524494290 8.56146699218858 741.33171464053044 
47.39439156630517 8.56146712900313 738.93953206518461 
47.39496386339150 8.56181742318204 736.06940632259739 
47.39539162275303 8.56277969453840 736.48615900443201 
47.39531252455998 8.56362514195151 739.35628474702594 
47.39515442701828 8.56418874931292 741.26970190876852 
47.39458206758948 8.56453882241222 744.13982765140975 
47.39416004301250 8.56447517191813 746.30803220640212 
47.39369756643623 8.56411449699159 748.73102415482208 
47.39323508872874 8.56375382839559 751.15401610319475 
47.39277260989004 8.56339316612991 753.57700805159311 
47.39231012992018 8.56303251019436 756.00000000000000 
47.39161640784455 8.56249153815961 754.78850402580542 
47.39115392504696 8.56213089804852 752.36551207741672 
47.39106399298878 8.56213088048127 754.08932466311035 
47.39080884457592 8.56213080958821 755.27145973046231 
47.39029854775018 8.56213066780413 757.63572986526447 
47.38978825092445 8.56213052602280 760.00000000000000 
47.38902280568585 8.56213031335595 758.00000000000000 
47.38851250886012 8.56213017158148 759.86115635174269 
47.38787579179137 8.56236346797057 763.00000000000000 
47.38749422266189 8.56259683186710 764.00000000000000 
47.38725708287448 8.56344212086271 765.38962277220082 
47.38733602275261 8.56428747134394 768.25974851478668 
47.38749400784506 8.56485106389535 770.17316567650755 
47.38806629462358 8.56520134897383 773.04329141913502 
47.38848832754645 8.56513788517573 772.78850402604405 
47.38895086849998 8.56477742606832 770.36551207818354 
47.38941340832356 8.56441696063424 767.94252013035646 
47.38987594701718 8.56405648887330 765.51952818246343 
47.39033848458078 8.56369601078531 763.09653623458496 
47.39080102101432 8.56333552637005 760.67354428673571 
47.39126355631777 8.56297503562734 758.25055233887201 
47.39149482354569 8.56279478788312 757.03905636495654 
47.39158475560377 8.56279480658133 756.58695236281210 
47.39184516800962 8.56279488198651 757.79347618142242 
47.39236599282130 8.56279503279911 757.79347618142219 
47.39288681763301 8.56279518361469 755.38042854420007 
47.39340764244469 8.56279533443326 752.96738090704287 
47.39392846725639 8.56279548525480 750.55433326985178 
47.39444929206808 8.56279563607932 748.14128563265979 
47.39502158510746 8.56314594506979 745.27115989005813 
47.39537033933102 8.56382639013919 742.40103414747898 
47.39552832668225 8.56439006723422 740.48761698573014 
47.39529117371050 8.56523547702795 737.61749124312655 
47.39483054580844 8.56575065214838 734.74736550048090 
47.39444896980454 8.56598402231550 736.03905636870957 
47.39398649796109 8.56562333216979 738.46204831600539 
47.39352402498630 8.56526264835486 740.88504026333510 
47.39306155088022 8.56490197087053 743.30803221064991 
47.39259907564288 8.56454129971660 745.73102415799349 
47.39213659927432 8.56418063489287 748.15401610531444 
47.39167412177459 8.56381997639914 750.57700805265392 
47.39121164314371 8.56345932423521 753.00000000000000 
47.39112171108575 8.56345930440088 755.84459441126410 
47.39086431094825 8.56345922655145 757.03716200935446 
47.39034951067321 8.56345907085487 759.42229720563319 
47.38983471039818 8.56345891516133 761.80743240191089 
47.38829030957309 8.56345844809897 764.00000000000000 
47.38752716639599 8.56392516032900 764.08658283827162 
47.38721096561186 8.56505220336828 765.00000000000000 
47.38744793659183 8.56589759489507 767.08658283824286 
47.38828996894258 8.56664646174437 767.08658283832517 
47.38898378704233 8.56610579260485 768.00000000000000 
47.38944633102984 8.56574533860371 765.57700805315528 
47.38990887388746 8.56538487827586 763.15401610631159 
47.39037141561511 8.56502441162107 760.73102415953656 
47.39083395621278 8.56466393863917 758.30803221274130 
47.39129649568044 8.56430345932994 755.88504026590590 
47.39152776499050 8.56412321730252 754.67354429250577 
47.39161769704835 8.56412323826748 754.67354429250577 
47.39188036117874 8.56412332079049 753.45658794339101 
47.39240568943949 8.56412348583896 751.02267524529248 
47.39293101770025 8.56412365089072 748.58876254712698 
47.39345634596101 8.56412381594577 746.15484984899331 
47.39398167422176 8.56412398100412 743.72093715089147 
47.39450700248253 8.56412414606575 741.28702445268971 
47.39507929147477 8.56447446986765 738.41689871009646 
47.39542803783721 8.56515492447452 735.54677296750447 
47.39558601867635 8.56571860616971 736.35538644338317 
47.39534885593775 8.56656401090988 739.22551218596834 
47.39488822208403 8.56707917498124 742.09563792856977 
47.39450664338409 8.56731253578399 744.00905509027109 
47.39404417570795 8.56695183358457 746.43204703653441 
47.39358170690039 8.56659113771612 748.85503898287243 
47.39311923696147 8.56623044817842 751.27803092914905 
47.39265676589123 8.56586976497129 753.70102287540522 
47.39219429368969 8.56550908809453 756.12401482167957 
47.39173182035690 8.56514841754794 758.54700676795505 
47.39126934589288 8.56478775333132 760.96999871424111 
47.39117941383518 8.56478773122988 760.96999871424111 
47.39091976197316 8.56478764631054 762.17299884284796 
47.39040045824914 8.56478747647436 764.57899909999492 
47.38988115452513 8.56478730664153 766.98499935710777 
47.38936185080110 8.56478713681205 769.39099961428531 
47.38884254707708 8.56478696698591 771.79699987142874 
47.38832324335305 8.56478679716312 773.00000000000000 
47.38794166930548 8.56502014549634 771.00000000000000 
47.38756009478440 8.56525349045101 769.08658283826969 
47.38732293546685 8.56609876854922 766.21645709566360 
47.38755982788386 8.56750772528319 767.00000000000000 
47.38832286589321 8.56797481279035 768.04329141913547 
47.38878541573921 8.56761437971192 765.62029947331655 
47.38924796445541 8.56725394030719 763.19730752758505 
47.38971051204180 8.56689349457598 760.77431558181513 
47.39017305849834 8.56653304251808 758.35132363605317 
47.39063560382499 8.56617258413329 755.92833169028972 
47.39109814802172 8.56581211942142 753.50533974448126 
47.39156069108846 8.56545164838227 751.08234779876659 
47.39165062314604 8.56545167161400 751.08234779876659 
47.39191553900082 8.56545176136837 749.85495891942492 
47.39244537071036 8.56545194087980 747.40018116083934 
47.39297520241990 8.56545212039485 744.94540340221965 
47.39350503412943 8.56545229991351 742.49062564366443 
47.39403486583896 8.56545247943578 740.03584788507499 
47.39456469754850 8.56545265896165 737.58107012645132 
47.39513698249344 8.56580299757485 734.71094438382238 
47.39548572099465 8.56648346171884 731.84081864123903 
47.39564369532162 8.56704714801389 732.46449380770684 
47.39540652281622 8.56789254769999 735.33461955029918 
47.39494588301094 8.56840770072193 738.20474529287401 
47.39456430161506 8.56864105216011 740.11816245463194 
47.39410183810638 8.56828033790714 742.54115439985333 
47.39363937346621 8.56791962998529 744.96414634513451 
47.39317690769460 8.56755892839438 747.38713829036328 
47.39271444079160 8.56719823313420 749.81013023555693 
47.39225197275722 8.56683754420456 752.23312218080696 
47.39178950359150 8.56647686160525 754.65611412604073 
47.39132703329449 8.56611618533607 757.07910607133101 
47.39123710123705 8.56611616096753 757.07910607133101 
47.39097519765069 8.56611606886472 758.29253873007701 
47.39045139047798 8.56611588466184 760.71940404753514 
47.38992758330527 8.56611570046263 763.14626936505772 
47.38940377613255 8.56611551626707 765.57313468254597 
47.38887996895985 8.56611533207518 768.00000000000000 
47.38835616178713 8.56611514788695 769.00000000000000 
47.38759300782715 8.56658182223237 768.00000000000000 
47.38727678100300 8.56770885074030 768.00000000000000 
47.38751373245013 8.56855425526667 767.00000000000000 
47.38797423142844 8.56906961028883 764.12987425742278 
47.38835574749789 8.56930316549416 762.21645709564962 
47.38881830150746 8.56894274384896 759.79346515085751 
47.38928085438729 8.56858231587761 757.37047320615886 
47.38974340613739 8.56822188157991 754.94748126145191 
47.39020595675770 8.56786144095565 752.52448931675633 
47.39066850624820 8.56750099400464 750.10149737203108 
47.39113105460885 8.56714054072669 747.67850542729855 
47.39159360183959 8.56678008112160 745.25551348260763 
47.39168353389688 8.56678010662010 745.25551348260763 
47.39195070147592 8.56678020371938 744.01769207320865 
47.39248503663396 8.56678039792088 741.54204925460704 
47.39301937179200 8.56678059212632 739.06640643597098 
47.39355370695004 8.56678078633569 736.59076361733344 
47.39408804210810 8.56678098054901 734.11512079862848 
47.39462237726613 8.56678117476626 731.63947798005370 
47.39519465816357 8.56713152819063 728.76935223744908 
47.39554338880342 8.56781200187140 731.00945350612164 
47.39570135661818 8.56837569276600 732.92287066784559 
47.39546417434599 8.56922108739750 735.79299641044304 
47.39500352858926 8.56973622936965 738.66312215305732 
47.39462194449756 8.56996957144308 740.57653931473749 
47.39415948515649 8.56960884513670 742.99953125891523 
47.39369702468385 8.56924812516162 745.42252320316186 
47.39323456307972 8.56888741151764 747.84551514731208 
47.39277210034410 8.56852670420456 750.26850709146277 
47.39230963647700 8.56816600322217 752.69149903574225 
47.39184717147854 8.56780530857029 755.11449097987156 
47.39138470534868 8.56744462024872 757.53748292409557 
47.39129477329154 8.56744459361305 757.53748292409557 
47.39103061798097 8.56744449421321 758.76134811284305 
47.39050230735983 8.56744429541654 761.20907849027105 
47.38997399673870 8.56744409662385 763.65680886766449 
47.38944568611755 8.56744389783515 766.10453924515514 
47.38891737549642 8.56744369905043 768.55226962257836 
47.38838906487528 8.56744350026970 771.00000000000000 
47.38781669553948 8.56779349308853 769.08658283827708 
47.38746778698288 8.56847366798337 767.00000000000000 
47.38730966568012 8.56903717691354 766.00000000000000 
47.38754660736070 8.56988258793899 763.12987425741665 
47.38800710038532 8.57039795488852 760.25974851482908 
47.38838861375655 8.57063151985503 758.34633135309468 
47.38885117192955 8.57027110964332 755.92333940940114 
47.38931372897289 8.56991069310559 753.50034746574363 
47.38977628488659 8.56955027024164 751.07735552202303 
47.39023883967056 8.56918984105129 748.65436357834892 
47.39070139332478 8.56882940553431 746.23137163467516 
47.39116394584921 8.56846896369053 743.80837969102674 
47.39162649724383 8.56810851551974 741.38538774736264 
47.39171642930081 8.56810854328503 741.38538774736264 
47.39198584860392 8.56810864784275 740.13713380839602 
47.39252468721014 8.56810885696142 737.64062593036260 
47.39306352581636 8.56810906608435 735.14411805236034 
47.39360236442258 8.56810927521157 732.64761017432340 
47.39414120302879 8.56810948434306 730.15110229638344 
47.39468004163501 8.56810969347882 727.65459441837595 
47.39525231848476 8.56846006171425 724.78446867578396 
47.39568002225977 8.56942239225591 725.08570198708674 
47.39560087523020 8.57026783432184 727.95582772969044 
47.39544274513259 8.57083142483586 729.86924489142405 
47.39487036548407 8.57118142770033 732.73937063402548 
47.39444834458598 8.57111772366090 734.90757518643193 
47.39398588884686 8.57075698846702 737.33056712951895 
47.39352343197611 8.57039625960450 739.75355907270966 
47.39306097397380 8.57003553707315 742.17655101580192 
47.39259851483992 8.56967482087277 744.59954295898501 
47.39213605457457 8.56931411100316 747.02253490209887 
47.39167359317775 8.56895340746412 749.44552684523512 
47.39144236205506 8.56877305806849 750.65702281678000 
47.39135242999824 8.56877302916569 750.65702281678000 
47.39108602296363 8.56877292235528 751.89132053510411 
47.39055320889440 8.56877270873770 754.35991597178372 
47.39002039482520 8.56877249512445 756.82851140836283 
47.38948758075597 8.56877228151551 759.29710684507165 
47.38895476668677 8.56877206791089 761.76570228164712 
47.38842195261754 8.56877185431059 763.00000000000000 
47.38765878787552 8.56923849077006 763.00000000000000 
47.38742159926313 8.57008375251832 761.08658283827367 
47.38750049031152 8.57092911558212 758.21645709569646 
47.38765844284897 8.57149272979830 756.30303993394671 
47.38823070939211 8.57184308808573 753.43291419130981 
47.38865274597859 8.57177967727393 751.26470963921315 
47.38911530775012 8.57141927533304 748.84171769656268 
47.38957786839205 8.57105886706617 746.41872575396303 
47.39004042790437 8.57069845247312 743.99573381137293 
47.39050298628703 8.57033803155369 741.57274186874906 
47.39096554354001 8.56997760430769 739.14974992608450 
47.39142809966325 8.56961717073491 736.72675798345460 
47.39165937730120 8.56943695157592 735.51526201219031 
47.39174930935786 8.56943698160800 735.51526201219031 
47.39199834113264 8.56943708439354 734.36146608286128 
47.39249640468221 8.56943728996753 732.05387422416902 
47.39299446823176 8.56943749554541 729.74628236550802 
47.39349253178133 8.56943770112717 727.43869050677938 
47.39399059533088 8.56943790671281 725.13109864814783 
47.39448865888045 8.56943811230235 722.82350678944886 
47.39511920597511 8.56967180295054 719.75629369841795 
47.39550072082051 8.56990539418491 717.84287653669708 
47.39573765611435 8.57075094052215 714.97275079408314 
47.39565849931746 8.57159638151713 712.10262505150035 
47.39550036270875 8.57215996866064 710.18920788977630 
47.39492797901675 8.57250995747730 707.31908214719215 
47.39450595885479 8.57244624272874 705.15087759523590 
47.39358105458059 8.57172475456646 706.09653626060674 
47.39311860074599 8.57136401998241 708.51952820268525 
47.39265614577977 8.57100329172950 710.94252014478150 
47.39219368968197 8.57064256980753 713.36551208687570 
47.39173123245265 8.57028185421629 715.78850402894318 
47.39150000341367 8.57010149879464 717.00000000000000 
47.39141007135719 8.57010146762468 742.04645572389256 
47.39114111076235 8.57010135793948 743.29258441354341 
47.39060318957267 8.57010113857243 745.78484179287659 
47.39006526838298 8.57010091920986 748.27709917220784 
47.38952734719329 8.57010069985176 750.76935655160298 
47.38898942600360 8.57010048049815 753.26161393096322 
47.38845150481392 8.57010026114901 755.75387131025570 
47.38764462302939 8.57009993213370 758.75387131025718 
47.38737566243453 8.57009982246417 760.00000000000000 
