47.39769590000000 8.55031990000000 50.00000000000000 
47.39476750000000 8.55150340000000 664.30633544921875 
47.39450680000000 8.55150340000000 665.51348876953125 
47.39398570000000 8.55150340000000 667.92785644531250 
47.39346460000000 8.55150340000000 670.34216308593750 
47.39294350000000 8.55150340000000 672.75646972656250 
47.39242240000000 8.55150340000000 675.17083740234375 
47.39190130000000 8.55150340000000 677.58514404296875 
47.39138020000000 8.55150340000000 679.99951171875000 
47.39085920000000 8.55150330000000 682.41381835937500 
47.39033810000000 8.55150330000000 684.82818603515625 
47.38981700000000 8.55150330000000 687.24249267578125 
47.38929590000000 8.55150330000000 689.65686035156250 
47.38877480000000 8.55150330000000 692.07116699218750 
47.38825370000000 8.55150330000000 694.48547363281250 
47.38761160000000 8.55173680000000 697.60607910156250 
47.38723000000000 8.55197020000000 699.51947021484375 
47.38699290000000 8.55281550000000 702.38964843750000 
47.38707190000000 8.55366080000000 705.25976562500000 
47.38723000000000 8.55422430000000 707.17315673828125 
47.38780240000000 8.55457460000000 710.04327392578125 
47.38961190000000 8.55342930000000 709.57702636718750 
47.39030570000000 8.55288850000000 707.75976562500000 
47.39099940000000 8.55234770000000 705.94250488281250 
47.39123070000000 8.55216740000000 705.33679199218750 
47.39132060000000 8.55216740000000 705.33679199218750 
47.39185390000000 8.55216740000000 704.10137939453125 
47.39265380000000 8.55216750000000 702.24835205078125 
47.39345360000000 8.55216750000000 700.39526367187500 
47.39398690000000 8.55216750000000 699.15991210937500 
47.39475000000000 8.55263450000000 697.24652099609375 
47.39506610000000 8.55376180000000 695.33306884765625 
47.39475000000000 8.55488910000000 693.41967773437500 
47.39417780000000 8.55523910000000 695.04327392578125 
47.39259940000000 8.55427420000000 694.57702636718750 
47.39167440000000 8.55355310000000 695.00000000000000 
47.39098070000000 8.55301220000000 694.78851318359375 
47.39074940000000 8.55283190000000 694.18273925781250 
47.39065950000000 8.55283190000000 694.28100585937500 
47.39039620000000 8.55283190000000 695.50097656250000 
47.38986940000000 8.55283190000000 697.94104003906250 
47.38934280000000 8.55283180000000 700.38110351562500 
47.38881620000000 8.55283170000000 702.82110595703125 
47.38828960000000 8.55283170000000 705.26116943359375 
47.38764460000000 8.55306510000000 708.39459228515625 
47.38726310000000 8.55329850000000 710.30798339843750 
47.38702610000000 8.55414390000000 713.17810058593750 
47.38710510000000 8.55498920000000 716.04827880859375 
47.38726310000000 8.55555270000000 717.96166992187500 
47.38783540000000 8.55590290000000 720.83178710937500 
47.38825740000000 8.55583940000000 723.00000000000000 
47.39010750000000 8.55439720000000 722.57702636718750 
47.39080120000000 8.55385630000000 720.75976562500000 
47.39126380000000 8.55349580000000 719.54827880859375 
47.39135360000000 8.55349580000000 719.54827880859375 
47.39189190000000 8.55349580000000 718.30145263671875 
47.39269920000000 8.55349590000000 716.43115234375000 
47.39350650000000 8.55349590000000 714.56091308593750 
47.39404470000000 8.55349610000000 713.31402587890625 
47.39480780000000 8.55396300000000 711.40063476562500 
47.39512390000000 8.55509030000000 709.48718261718750 
47.39480780000000 8.55621760000000 707.75018310546875 
47.39423550000000 8.55656770000000 710.62030029296875 
47.39381350000000 8.55650410000000 712.78851318359375 
47.39311980000000 8.55596330000000 712.78851318359375 
47.39265720000000 8.55560270000000 713.78851318359375 
47.39150100000000 8.55470120000000 716.53173828125000 
47.39103850000000 8.55434060000000 718.95471191406250 
47.39080720000000 8.55416030000000 720.16619873046875 
47.39071730000000 8.55416030000000 720.16619873046875 
47.39045150000000 8.55416030000000 721.39770507812500 
47.38991980000000 8.55416020000000 723.86071777343750 
47.38938830000000 8.55416020000000 726.32366943359375 
47.38885670000000 8.55416000000000 728.78668212890625 
47.38832500000000 8.55416000000000 731.24969482421875 
47.38767770000000 8.55439340000000 734.39459228515625 
47.38729610000000 8.55462680000000 736.30798339843750 
47.38705900000000 8.55547210000000 739.17810058593750 
47.38713810000000 8.55631750000000 742.04827880859375 
47.38729610000000 8.55688110000000 743.96166992187500 
47.38786830000000 8.55723130000000 746.83178710937500 
47.38829040000000 8.55716760000000 749.00000000000000 
47.38921550000000 8.55644670000000 746.78851318359375 
47.38990930000000 8.55590580000000 744.97125244140625 
47.39060300000000 8.55536500000000 743.15399169921875 
47.39129680000000 8.55482410000000 741.33679199218750 
47.39138670000000 8.55482410000000 741.33679199218750 
47.39188050000000 8.55482430000000 740.19287109375000 
47.39262120000000 8.55482440000000 738.47692871093750 
47.39336190000000 8.55482450000000 736.76104736328125 
47.39410270000000 8.55482460000000 735.04516601562500 
47.39486560000000 8.55529140000000 733.13177490234375 
47.39518170000000 8.55641880000000 731.21832275390625 
47.39486560000000 8.55754610000000 730.53869628906250 
47.39429330000000 8.55789620000000 733.40881347656250 
47.39387130000000 8.55783260000000 735.57702636718750 
47.39340870000000 8.55747190000000 738.00000000000000 
47.39271500000000 8.55693110000000 736.39422607421875 
47.39202120000000 8.55639010000000 734.57702636718750 
47.39155880000000 8.55602960000000 736.41699218750000 
47.39109630000000 8.55566900000000 738.83996582031250 
47.39086510000000 8.55548870000000 740.05145263671875 
47.39077510000000 8.55548870000000 740.05145263671875 
47.39050680000000 8.55548870000000 741.29443359375000 
47.38997020000000 8.55548860000000 743.78039550781250 
47.38943370000000 8.55548840000000 746.26629638671875 
47.38889710000000 8.55548840000000 748.75225830078125 
47.38836060000000 8.55548840000000 751.23822021484375 
47.38771080000000 8.55572170000000 754.39459228515625 
47.38732910000000 8.55595520000000 756.30798339843750 
47.38709200000000 8.55680050000000 759.17810058593750 
47.38717100000000 8.55764580000000 762.04827880859375 
47.38732900000000 8.55820930000000 763.96166992187500 
47.38790130000000 8.55855950000000 766.83178710937500 
47.38832350000000 8.55849610000000 769.00000000000000 
47.38901730000000 8.55795530000000 767.18273925781250 
47.38971100000000 8.55741450000000 765.36553955078125 
47.39040480000000 8.55687360000000 763.54827880859375 
47.39109860000000 8.55633280000000 761.73101806640625 
47.39132980000000 8.55615250000000 761.12530517578125 
47.39141980000000 8.55615250000000 761.12530517578125 
47.39191810000000 8.55615270000000 759.97088623046875 
47.39266550000000 8.55615280000000 758.23937988281250 
47.39341290000000 8.55615300000000 756.50781250000000 
47.39416050000000 8.55615310000000 754.77630615234375 
47.39492350000000 8.55662010000000 752.86285400390625 
47.39523950000000 8.55774740000000 750.94946289062500 
47.39492330000000 8.55887460000000 749.03601074218750 
47.39416020000000 8.55934130000000 747.12261962890625 
47.39346650000000 8.55880050000000 745.30535888671875 
47.39277270000000 8.55825960000000 743.48815917968750 
47.39161660000000 8.55735810000000 745.09069824218750 
47.39115410000000 8.55699750000000 747.51373291015625 
47.39092280000000 8.55681720000000 748.72521972656250 
47.39083290000000 8.55681720000000 748.72521972656250 
47.39058680000000 8.55681710000000 749.86560058593750 
47.39009440000000 8.55681690000000 752.14642333984375 
47.38960220000000 8.55681690000000 754.42724609375000 
47.38910990000000 8.55681690000000 756.70806884765625 
47.38861750000000 8.55681680000000 758.98883056640625 
47.38812540000000 8.55681660000000 761.26965332031250 
47.38755290000000 8.55716670000000 764.13977050781250 
47.38720420000000 8.55784690000000 767.00994873046875 
47.38704610000000 8.55841060000000 768.92333984375000 
47.38728310000000 8.55925590000000 771.79345703125000 
47.38774360000000 8.55977120000000 774.66357421875000 
47.38812520000000 8.56000470000000 776.57702636718750 
47.38858760000000 8.55964420000000 779.00000000000000 
47.38928140000000 8.55910340000000 777.18273925781250 
47.38997520000000 8.55856260000000 775.36553955078125 
47.39066900000000 8.55802170000000 773.54827880859375 
47.39136290000000 8.55748090000000 771.73101806640625 
47.39145270000000 8.55748090000000 771.73101806640625 
47.39195550000000 8.55748110000000 770.56622314453125 
47.39270980000000 8.55748120000000 768.81903076171875 
47.39346390000000 8.55748140000000 767.07183837890625 
47.39421820000000 8.55748150000000 765.32464599609375 
47.39498130000000 8.55794860000000 763.41125488281250 
47.39529730000000 8.55907590000000 761.49780273437500 
47.39498110000000 8.56020300000000 759.58441162109375 
47.39421800000000 8.56066980000000 757.67102050781250 
47.39352420000000 8.56012900000000 755.85375976562500 
47.39283050000000 8.55958800000000 754.03649902343750 
47.39213680000000 8.55904700000000 752.21923828125000 
47.39167440000000 8.55868650000000 753.30963134765625 
47.39121180000000 8.55832590000000 755.73266601562500 
47.39098060000000 8.55814560000000 756.94415283203125 
47.39089070000000 8.55814560000000 756.94415283203125 
47.39064220000000 8.55814550000000 758.09497070312500 
47.39014540000000 8.55814530000000 760.39666748046875 
47.38964860000000 8.55814530000000 762.69830322265625 
47.38915180000000 8.55814520000000 765.00000000000000 
47.38840680000000 8.55814500000000 763.27374267578125 
47.38758600000000 8.55849510000000 764.35131835937500 
47.38723720000000 8.55917530000000 767.22143554687500 
47.38707910000000 8.55973890000000 769.13482666015625 
47.38731610000000 8.56058410000000 772.00494384765625 
47.38777650000000 8.56109940000000 774.87506103515625 
47.38815820000000 8.56133300000000 776.78851318359375 
47.38885200000000 8.56079220000000 776.78851318359375 
47.38954580000000 8.56025150000000 774.97125244140625 
47.39023950000000 8.55971080000000 773.15399169921875 
47.39093330000000 8.55917000000000 771.33679199218750 
47.39139590000000 8.55880940000000 770.12530517578125 
47.39148580000000 8.55880940000000 770.12530517578125 
47.39199310000000 8.55880960000000 768.95007324218750 
47.39275410000000 8.55880970000000 767.18719482421875 
47.39351500000000 8.55880990000000 765.42437744140625 
47.39427600000000 8.55881000000000 763.66156005859375 
47.39503910000000 8.55927700000000 761.74810791015625 
47.39535500000000 8.56040440000000 759.83471679687500 
47.39503880000000 8.56153160000000 757.92126464843750 
47.39427570000000 8.56199840000000 756.00787353515625 
47.39335080000000 8.56127710000000 756.59490966796875 
47.39288830000000 8.56091650000000 759.01788330078125 
47.39242590000000 8.56055580000000 761.44085693359375 
47.39196330000000 8.56019510000000 763.86383056640625 
47.39150080000000 8.55983460000000 766.28686523437500 
47.39103840000000 8.55947400000000 768.70983886718750 
47.39094850000000 8.55947400000000 768.70983886718750 
47.39069780000000 8.55947390000000 769.87109375000000 
47.39019640000000 8.55947370000000 772.19366455078125 
47.38969520000000 8.55947370000000 774.51617431640625 
47.38919380000000 8.55947360000000 776.83874511718750 
47.38844200000000 8.55947340000000 776.83874511718750 
47.38761900000000 8.55982330000000 774.82305908203125 
47.38719100000000 8.56078540000000 772.90960693359375 
47.38727000000000 8.56163080000000 774.00000000000000 
47.38742810000000 8.56219430000000 773.04327392578125 
47.38819110000000 8.56266140000000 771.12988281250000 
47.38888490000000 8.56212060000000 769.31262207031250 
47.38957870000000 8.56157990000000 767.49536132812500 
47.39027240000000 8.56103920000000 765.67816162109375 
47.39096620000000 8.56049840000000 763.86090087890625 
47.39142880000000 8.56013780000000 762.64941406250000 
47.39151880000000 8.56013780000000 762.64941406250000 
47.39203060000000 8.56013800000000 761.46374511718750 
47.39279820000000 8.56013810000000 759.68524169921875 
47.39356600000000 8.56013840000000 757.90673828125000 
47.39433380000000 8.56013860000000 756.12829589843750 
47.39509680000000 8.56060550000000 754.21484375000000 
47.39541270000000 8.56173280000000 752.30145263671875 
47.39509660000000 8.56286020000000 750.38800048828125 
47.39452430000000 8.56321030000000 753.19360351562500 
47.39410230000000 8.56314660000000 755.36181640625000 
47.39363970000000 8.56278590000000 757.78479003906250 
47.39317730000000 8.56242520000000 760.20782470703125 
47.39271480000000 8.56206460000000 762.63079833984375 
47.39225230000000 8.56170390000000 765.05377197265625 
47.39178990000000 8.56134340000000 767.47680664062500 
47.39132730000000 8.56098270000000 769.89978027343750 
47.39109610000000 8.56080240000000 771.11126708984375 
47.39100620000000 8.56080240000000 771.11126708984375 
47.39075330000000 8.56080220000000 772.28295898437500 
47.39024750000000 8.56080220000000 774.62640380859375 
47.38974160000000 8.56080210000000 776.96978759765625 
47.38923580000000 8.56080190000000 779.31317138671875 
47.38873000000000 8.56080180000000 781.65661621093750 
47.38822430000000 8.56080160000000 784.00000000000000 
47.38746120000000 8.56126840000000 782.08660888671875 
47.38714490000000 8.56239540000000 780.17315673828125 
47.38746090000000 8.56352270000000 778.25976562500000 
47.38822400000000 8.56398970000000 776.34631347656250 
47.38891780000000 8.56344900000000 774.52911376953125 
47.38961160000000 8.56290830000000 772.71185302734375 
47.39030540000000 8.56236760000000 770.89459228515625 
47.39099930000000 8.56182680000000 769.07733154296875 
47.39146170000000 8.56146630000000 767.86584472656250 
47.39155170000000 8.56146630000000 767.86584472656250 
47.39206800000000 8.56146650000000 766.66973876953125 
47.39284250000000 8.56146670000000 764.87561035156250 
47.39361700000000 8.56146680000000 763.08148193359375 
47.39439150000000 8.56146710000000 761.28735351562500 
47.39515460000000 8.56193410000000 759.37396240234375 
47.39547050000000 8.56306150000000 757.46051025390625 
47.39515430000000 8.56418860000000 755.54711914062500 
47.39439120000000 8.56465540000000 753.63366699218750 
47.39369740000000 8.56411440000000 751.81646728515625 
47.39300370000000 8.56357330000000 752.36553955078125 
47.39254130000000 8.56321270000000 754.78851318359375 
47.39138510000000 8.56231120000000 754.78851318359375 
47.39115390000000 8.56213080000000 754.18273925781250 
47.39106390000000 8.56213080000000 754.08929443359375 
47.39080870000000 8.56213080000000 755.27148437500000 
47.39029850000000 8.56213060000000 757.63574218750000 
47.38978820000000 8.56213050000000 760.00000000000000 
47.38902280000000 8.56213030000000 758.81787109375000 
47.38851250000000 8.56213000000000 759.86114501953125 
47.38787560000000 8.56236330000000 763.00000000000000 
47.38749420000000 8.56259680000000 764.00000000000000 
47.38725700000000 8.56344210000000 765.38964843750000 
47.38733600000000 8.56428740000000 768.25976562500000 
47.38749390000000 8.56485090000000 770.17315673828125 
47.38806620000000 8.56520130000000 773.04327392578125 
47.38871950000000 8.56495760000000 772.78851318359375 
47.38941330000000 8.56441690000000 770.97125244140625 
47.39010710000000 8.56387620000000 769.15399169921875 
47.39080090000000 8.56333540000000 767.33679199218750 
47.39149470000000 8.56279470000000 765.51953125000000 
47.39158460000000 8.56279470000000 765.51953125000000 
47.39210550000000 8.56279490000000 764.31298828125000 
47.39288680000000 8.56279500000000 762.50323486328125 
47.39366800000000 8.56279530000000 760.69342041015625 
47.39444910000000 8.56279560000000 758.88366699218750 
47.39521230000000 8.56326260000000 756.97021484375000 
47.39552820000000 8.56439000000000 755.05682373046875 
47.39521200000000 8.56551720000000 753.14337158203125 
47.39444890000000 8.56598400000000 751.22998046875000 
47.39375520000000 8.56544280000000 749.41271972656250 
47.39306140000000 8.56490180000000 747.59552001953125 
47.39213650000000 8.56418060000000 748.15399169921875 
47.39167400000000 8.56381990000000 750.57702636718750 
47.39121160000000 8.56345930000000 753.00000000000000 
47.39112170000000 8.56345930000000 755.84460449218750 
47.39086420000000 8.56345920000000 757.03717041015625 
47.39034950000000 8.56345900000000 759.42230224609375 
47.38983460000000 8.56345880000000 761.80743408203125 
47.38829030000000 8.56345840000000 764.00000000000000 
47.38752710000000 8.56392500000000 764.08660888671875 
47.38721090000000 8.56505220000000 765.52166748046875 
47.38744790000000 8.56589750000000 767.08660888671875 
47.38828980000000 8.56664640000000 768.04327392578125 
47.38967760000000 8.56556500000000 766.18273925781250 
47.39037140000000 8.56502440000000 764.36553955078125 
47.39106520000000 8.56448350000000 762.54827880859375 
47.39152770000000 8.56412310000000 761.33679199218750 
47.39161750000000 8.56412310000000 761.33679199218750 
47.39214300000000 8.56412340000000 760.11981201171875 
47.39293100000000 8.56412360000000 758.29437255859375 
47.39371900000000 8.56412370000000 756.46893310546875 
47.39450700000000 8.56412400000000 754.64349365234375 
47.39526990000000 8.56459110000000 752.73010253906250 
47.39558590000000 8.56571860000000 750.81665039062500 
47.39526980000000 8.56684580000000 748.90325927734375 
47.39450660000000 8.56731250000000 746.98986816406250 
47.39381290000000 8.56677140000000 747.64355468750000 
47.39335030000000 8.56641070000000 750.06652832031250 
47.39288800000000 8.56605010000000 752.48950195312500 
47.39242540000000 8.56568940000000 754.91253662109375 
47.39196290000000 8.56532870000000 757.33551025390625 
47.39150050000000 8.56496800000000 759.75848388671875 
47.39126930000000 8.56478770000000 760.96997070312500 
47.39117940000000 8.56478770000000 760.96997070312500 
47.39091970000000 8.56478750000000 762.17297363281250 
47.39040040000000 8.56478740000000 764.57897949218750 
47.38988100000000 8.56478720000000 766.98498535156250 
47.38936170000000 8.56478710000000 769.39099121093750 
47.38884240000000 8.56478690000000 771.79699707031250 
47.38832310000000 8.56478660000000 773.00000000000000 
47.38756000000000 8.56525340000000 771.08660888671875 
47.38724380000000 8.56638050000000 769.17315673828125 
47.38755980000000 8.56750770000000 767.25976562500000 
47.38832280000000 8.56797480000000 768.52166748046875 
47.38901660000000 8.56743410000000 766.70440673828125 
47.38971050000000 8.56689340000000 764.88714599609375 
47.39040430000000 8.56635270000000 763.06988525390625 
47.39109810000000 8.56581210000000 761.25268554687500 
47.39156060000000 8.56545160000000 760.04119873046875 
47.39165060000000 8.56545160000000 760.04119873046875 
47.39218040000000 8.56545180000000 758.81378173828125 
47.39297510000000 8.56545210000000 756.97271728515625 
47.39376980000000 8.56545230000000 755.13159179687500 
47.39456450000000 8.56545260000000 753.29052734375000 
47.39532760000000 8.56591970000000 751.37713623046875 
47.39564360000000 8.56704710000000 749.46368408203125 
47.39532740000000 8.56817420000000 747.55029296875000 
47.39456430000000 8.56864100000000 745.63684082031250 
47.39387060000000 8.56809990000000 743.81964111328125 
47.39340800000000 8.56773920000000 746.17565917968750 
47.39294560000000 8.56737850000000 748.59863281250000 
47.39248320000000 8.56701780000000 751.02160644531250 
47.39202060000000 8.56665720000000 753.44464111328125 
47.39155820000000 8.56629650000000 755.86761474609375 
47.39132690000000 8.56611610000000 757.07910156250000 
47.39123710000000 8.56611610000000 757.07910156250000 
47.39097510000000 8.56611590000000 758.29254150390625 
47.39045120000000 8.56611580000000 760.71942138671875 
47.38992750000000 8.56611560000000 763.14624023437500 
47.38940360000000 8.56611550000000 765.57312011718750 
47.38887990000000 8.56611530000000 768.00000000000000 
47.38835600000000 8.56611510000000 769.00000000000000 
47.38759290000000 8.56658180000000 768.52166748046875 
47.38735570000000 8.56742700000000 767.00000000000000 
47.38759270000000 8.56883590000000 767.56494140625000 
47.38835570000000 8.56930300000000 765.65155029296875 
47.38904950000000 8.56876250000000 763.83428955078125 
47.38974340000000 8.56822180000000 762.01702880859375 
47.39043720000000 8.56768110000000 760.19976806640625 
47.39113090000000 8.56714040000000 758.38256835937500 
47.39159360000000 8.56678000000000 757.17102050781250 
47.39168350000000 8.56678000000000 757.17102050781250 
47.39221780000000 8.56678030000000 755.93322753906250 
47.39301930000000 8.56678050000000 754.07647705078125 
47.39382080000000 8.56678080000000 752.21978759765625 
47.39462220000000 8.56678110000000 750.36303710937500 
47.39538530000000 8.56724830000000 748.44958496093750 
47.39570130000000 8.56837560000000 746.53619384765625 
47.39538510000000 8.56950280000000 744.62280273437500 
47.39462190000000 8.56996940000000 742.70935058593750 
47.39392820000000 8.56942840000000 744.21099853515625 
47.39346570000000 8.56906770000000 746.63403320312500 
47.39300320000000 8.56870700000000 749.05700683593750 
47.39254080000000 8.56834630000000 751.47998046875000 
47.39207830000000 8.56798560000000 753.90301513671875 
47.39161590000000 8.56762490000000 756.32598876953125 
47.39138460000000 8.56744460000000 757.53747558593750 
47.39129460000000 8.56744440000000 757.53747558593750 
47.39103060000000 8.56744440000000 758.76135253906250 
47.39050220000000 8.56744410000000 761.20910644531250 
47.38997390000000 8.56744400000000 763.65679931640625 
47.38944550000000 8.56744380000000 766.10455322265625 
47.38891720000000 8.56744350000000 768.55224609375000 
47.38838890000000 8.56744350000000 771.00000000000000 
47.38762580000000 8.56791000000000 769.56494140625000 
47.38730950000000 8.56903700000000 767.65155029296875 
47.38762550000000 8.57016430000000 765.73809814453125 
47.38838860000000 8.57063150000000 763.82470703125000 
47.38908240000000 8.57009090000000 762.00744628906250 
47.38977620000000 8.56955020000000 760.19018554687500 
47.39047000000000 8.56900960000000 758.37292480468750 
47.39116380000000 8.56846880000000 756.55572509765625 
47.39162640000000 8.56810840000000 755.34423828125000 
47.39171640000000 8.56810840000000 755.34423828125000 
47.39225520000000 8.56810870000000 754.09594726562500 
47.39306340000000 8.56810900000000 752.22357177734375 
47.39387170000000 8.56810930000000 750.35119628906250 
47.39468000000000 8.56810960000000 748.47882080078125 
47.39544300000000 8.56857670000000 746.56542968750000 
47.39575900000000 8.56970420000000 744.65197753906250 
47.39544260000000 8.57083140000000 742.73858642578125 
47.39467940000000 8.57129790000000 740.82513427734375 
47.39398570000000 8.57075680000000 739.00793457031250 
47.39352340000000 8.57039620000000 739.75354003906250 
47.39306080000000 8.57003550000000 742.17657470703125 
47.39259850000000 8.56967480000000 744.59954833984375 
47.39213600000000 8.56931410000000 747.02252197265625 
47.39167340000000 8.56895340000000 749.44555664062500 
47.39144230000000 8.56877300000000 750.65704345703125 
47.39135230000000 8.56877300000000 750.65704345703125 
47.39108600000000 8.56877280000000 751.89129638671875 
47.39055320000000 8.56877270000000 754.35992431640625 
47.39002020000000 8.56877240000000 756.82849121093750 
47.38948750000000 8.56877220000000 759.29711914062500 
47.38895470000000 8.56877190000000 761.76568603515625 
47.38842190000000 8.56877180000000 763.00000000000000 
47.38765860000000 8.56923840000000 763.00000000000000 
47.38734240000000 8.57036550000000 761.56494140625000 
47.38765840000000 8.57149270000000 759.65155029296875 
47.38842140000000 8.57195980000000 757.73809814453125 
47.38911530000000 8.57141920000000 755.92083740234375 
47.38980910000000 8.57087860000000 754.10363769531250 
47.39050290000000 8.57033800000000 752.28637695312500 
47.39119670000000 8.56979730000000 750.46911621093750 
47.39165930000000 8.56943690000000 749.25762939453125 
47.39174930000000 8.56943690000000 749.25762939453125 
47.39224730000000 8.56943710000000 748.10382080078125 
47.39299440000000 8.56943740000000 746.37316894531250 
47.39374150000000 8.56943780000000 744.64245605468750 
47.39448850000000 8.56943810000000 742.91174316406250 
47.39530990000000 8.56978850000000 740.89978027343750 
47.39573750000000 8.57075090000000 738.98638916015625 
47.39557930000000 8.57187810000000 737.07293701171875 
47.39492790000000 8.57250990000000 735.15954589843750 
47.39427460000000 8.57226580000000 733.46966552734375 
47.39358100000000 8.57172460000000 731.65246582031250 
47.39288730000000 8.57118360000000 729.83520507812500 
47.39219360000000 8.57064250000000 728.01794433593750 
47.39150000000000 8.57010140000000 726.20074462890625 
47.39141000000000 8.57010140000000 742.04644775390625 
47.39114110000000 8.57010130000000 743.29260253906250 
47.39060310000000 8.57010110000000 745.78485107421875 
47.39006510000000 8.57010090000000 748.27709960937500 
47.38952730000000 8.57010060000000 750.76934814453125 
47.38898940000000 8.57010040000000 753.26159667968750 
47.38845140000000 8.57010010000000 755.75384521484375 
47.38764450000000 8.57009980000000 758.75384521484375 
47.38737560000000 8.57009980000000 760.00000000000000 
